9.7565e+00 1.3456e+01 0.0000e+00
1.0483e+01 1.3380e+01 0.0000e+00
1.0369e+01 1.2366e+01 0.0000e+00
1.0285e+01 1.3330e+01 0.0000e+00
1.0815e+01 1.2822e+01 0.0000e+00
9.9970e+00 1.2725e+01 0.0000e+00
1.0649e+01 1.2733e+01 0.0000e+00
1.0166e+01 1.3147e+01 0.0000e+00
1.0506e+01 1.3001e+01 0.0000e+00
1.0819e+01 1.2964e+01 0.0000e+00
1.1291e+01 1.2846e+01 0.0000e+00
1.1361e+01 1.3133e+01 0.0000e+00
1.0368e+01 1.4067e+01 0.0000e+00
1.0756e+01 1.3721e+01 0.0000e+00
1.0735e+01 1.4094e+01 0.0000e+00
1.1188e+01 1.4405e+01 0.0000e+00
1.1662e+01 1.4197e+01 0.0000e+00
1.2004e+01 1.4365e+01 0.0000e+00
1.1277e+01 1.3072e+01 0.0000e+00
1.1005e+01 1.4126e+01 0.0000e+00
1.1762e+01 1.3645e+01 0.0000e+00
1.2109e+01 1.3168e+01 0.0000e+00
1.1683e+01 1.3585e+01 0.0000e+00
1.1523e+01 1.3048e+01 0.0000e+00
1.1997e+01 1.3583e+01 0.0000e+00
1.2023e+01 1.2850e+01 0.0000e+00
1.1121e+01 1.2693e+01 0.0000e+00
1.1686e+01 1.3589e+01 0.0000e+00
1.1808e+01 1.3169e+01 0.0000e+00
1.1487e+01 1.3463e+01 0.0000e+00
1.1570e+01 1.3635e+01 0.0000e+00
1.1219e+01 1.3548e+01 0.0000e+00
1.1656e+01 1.3636e+01 0.0000e+00
1.1921e+01 1.2727e+01 0.0000e+00
1.2136e+01 1.4487e+01 0.0000e+00
1.2271e+01 1.4146e+01 0.0000e+00
1.1619e+01 1.3520e+01 0.0000e+00
1.1780e+01 1.3272e+01 0.0000e+00
1.1311e+01 1.3161e+01 0.0000e+00
1.1941e+01 1.3932e+01 0.0000e+00
1.1618e+01 1.4122e+01 0.0000e+00
1.0919e+01 1.3862e+01 0.0000e+00
1.1322e+01 1.3965e+01 0.0000e+00
1.0594e+01 1.4275e+01 0.0000e+00
1.0792e+01 1.4771e+01 0.0000e+00
1.0423e+01 1.4745e+01 0.0000e+00
1.1205e+01 1.4318e+01 0.0000e+00
1.0972e+01 1.4306e+01 0.0000e+00
1.1025e+01 1.3291e+01 0.0000e+00
1.1101e+01 1.3578e+01 0.0000e+00
1.0648e+01 1.3850e+01 0.0000e+00
1.0387e+01 1.3636e+01 0.0000e+00
1.0695e+01 1.4083e+01 0.0000e+00
1.1088e+01 1.3411e+01 0.0000e+00
1.0881e+01 1.4829e+01 0.0000e+00
1.0560e+01 1.3858e+01 0.0000e+00
1.0924e+01 1.3726e+01 0.0000e+00
1.1561e+01 1.3798e+01 0.0000e+00
1.1722e+01 1.4207e+01 0.0000e+00
1.1588e+01 1.3942e+01 0.0000e+00
1.1192e+01 1.3184e+01 0.0000e+00
1.1193e+01 1.3661e+01 0.0000e+00
1.1677e+01 1.3567e+01 0.0000e+00
1.1040e+01 1.3534e+01 0.0000e+00
1.1191e+01 1.2888e+01 0.0000e+00
1.0955e+01 1.3251e+01 0.0000e+00
1.1413e+01 1.3026e+01 0.0000e+00
1.1220e+01 1.3755e+01 0.0000e+00
1.1270e+01 1.3280e+01 0.0000e+00
1.2135e+01 1.3933e+01 0.0000e+00
1.0510e+01 1.2810e+01 0.0000e+00
1.1686e+01 1.3625e+01 0.0000e+00
1.1787e+01 1.2968e+01 0.0000e+00
1.0806e+01 1.4055e+01 0.0000e+00
1.1151e+01 1.3981e+01 0.0000e+00
1.0914e+01 1.3418e+01 0.0000e+00
1.1239e+01 1.2923e+01 0.0000e+00
1.0967e+01 1.2795e+01 0.0000e+00
1.1550e+01 1.2881e+01 0.0000e+00
1.1046e+01 1.2900e+01 0.0000e+00
1.1176e+01 1.3381e+01 0.0000e+00
1.1094e+01 1.3883e+01 0.0000e+00
1.1018e+01 1.3750e+01 0.0000e+00
1.0967e+01 1.3196e+01 0.0000e+00
1.1549e+01 1.3304e+01 0.0000e+00
1.1093e+01 1.3704e+01 0.0000e+00
1.1652e+01 1.3611e+01 0.0000e+00
1.1635e+01 1.2897e+01 0.0000e+00
1.1413e+01 1.3775e+01 0.0000e+00
1.1429e+01 1.3080e+01 0.0000e+00
1.1278e+01 1.3825e+01 0.0000e+00
1.1651e+01 1.3270e+01 0.0000e+00
1.1603e+01 1.3517e+01 0.0000e+00
1.1566e+01 1.3702e+01 0.0000e+00
1.1495e+01 1.3127e+01 0.0000e+00
1.1675e+01 1.3415e+01 0.0000e+00
1.1175e+01 1.3463e+01 0.0000e+00
1.1557e+01 1.3306e+01 0.0000e+00
1.1788e+01 1.3338e+01 0.0000e+00
1.1379e+01 1.3544e+01 0.0000e+00
1.2208e+01 1.4083e+01 0.0000e+00
1.1712e+01 1.3839e+01 0.0000e+00
1.1250e+01 1.3410e+01 0.0000e+00
1.1429e+01 1.3257e+01 0.0000e+00
1.1512e+01 1.3334e+01 0.0000e+00
1.1971e+01 1.3497e+01 0.0000e+00
1.1927e+01 1.3798e+01 0.0000e+00
1.1094e+01 1.3354e+01 0.0000e+00
1.1286e+01 1.3468e+01 0.0000e+00
1.1343e+01 1.3418e+01 0.0000e+00
1.1412e+01 1.3149e+01 0.0000e+00
1.2056e+01 1.3752e+01 0.0000e+00
1.2116e+01 1.4206e+01 0.0000e+00
1.1779e+01 1.3125e+01 0.0000e+00
1.1651e+01 1.3891e+01 0.0000e+00
1.1243e+01 1.3341e+01 0.0000e+00
1.1350e+01 1.3190e+01 0.0000e+00
1.1743e+01 1.3974e+01 0.0000e+00
1.1588e+01 1.2978e+01 0.0000e+00
1.1849e+01 1.3372e+01 0.0000e+00
1.1834e+01 1.4373e+01 0.0000e+00
1.1156e+01 1.3546e+01 0.0000e+00
1.1385e+01 1.3372e+01 0.0000e+00
1.1591e+01 1.5356e+01 0.0000e+00
1.1445e+01 1.3540e+01 0.0000e+00
1.1883e+01 1.3484e+01 0.0000e+00
1.1327e+01 1.3002e+01 0.0000e+00
1.1903e+01 1.3391e+01 0.0000e+00
1.2250e+01 1.2999e+01 0.0000e+00
1.1905e+01 1.3827e+01 0.0000e+00
1.1438e+01 1.3563e+01 0.0000e+00
1.2244e+01 1.3472e+01 0.0000e+00
1.2065e+01 1.3567e+01 0.0000e+00
1.2618e+01 1.3344e+01 0.0000e+00
1.1381e+01 1.3119e+01 0.0000e+00
1.0740e+01 1.4346e+01 0.0000e+00
1.1724e+01 1.4173e+01 0.0000e+00
1.1681e+01 1.3076e+01 0.0000e+00
1.0600e+01 1.4078e+01 0.0000e+00
1.1493e+01 1.3391e+01 0.0000e+00
1.1105e+01 1.4262e+01 0.0000e+00
1.1864e+01 1.3431e+01 0.0000e+00
1.1405e+01 1.3171e+01 0.0000e+00
1.2320e+01 1.3326e+01 0.0000e+00
1.1405e+01 1.3424e+01 0.0000e+00
1.1505e+01 1.4070e+01 0.0000e+00
1.1534e+01 1.3149e+01 0.0000e+00
1.1589e+01 1.3185e+01 0.0000e+00
1.1524e+01 1.3528e+01 0.0000e+00
1.1562e+01 1.3720e+01 0.0000e+00
1.1802e+01 1.2980e+01 0.0000e+00
1.1447e+01 1.2725e+01 0.0000e+00
1.0725e+01 1.3675e+01 0.0000e+00
1.1791e+01 1.3180e+01 0.0000e+00
1.2431e+01 1.3725e+01 0.0000e+00
1.2012e+01 1.3740e+01 0.0000e+00
1.2103e+01 1.3545e+01 0.0000e+00
1.2012e+01 1.3223e+01 0.0000e+00
1.2020e+01 1.3279e+01 0.0000e+00
1.2006e+01 1.3377e+01 0.0000e+00
1.2508e+01 1.3753e+01 0.0000e+00
1.2173e+01 1.3644e+01 0.0000e+00
1.1940e+01 1.4266e+01 0.0000e+00
1.1685e+01 1.3287e+01 0.0000e+00
1.2508e+01 1.4204e+01 0.0000e+00
1.1661e+01 1.4017e+01 0.0000e+00
1.2789e+01 1.3776e+01 0.0000e+00
1.2407e+01 1.2821e+01 0.0000e+00
1.2269e+01 1.3914e+01 0.0000e+00
1.2320e+01 1.4567e+01 0.0000e+00
1.1442e+01 1.3577e+01 0.0000e+00
1.2066e+01 1.2696e+01 0.0000e+00
1.1467e+01 1.3324e+01 0.0000e+00
1.1942e+01 1.4387e+01 0.0000e+00
1.1326e+01 1.3250e+01 0.0000e+00
1.1497e+01 1.3537e+01 0.0000e+00
1.1840e+01 1.4274e+01 0.0000e+00
1.1626e+01 1.3999e+01 0.0000e+00
1.1286e+01 1.3429e+01 0.0000e+00
1.1564e+01 1.3430e+01 0.0000e+00
1.1468e+01 1.3972e+01 0.0000e+00
1.1753e+01 1.3246e+01 0.0000e+00
1.1307e+01 1.3962e+01 0.0000e+00
1.1185e+01 1.3563e+01 0.0000e+00
1.1757e+01 1.3825e+01 0.0000e+00
1.2140e+01 1.3946e+01 0.0000e+00
1.1923e+01 1.3472e+01 0.0000e+00
1.1742e+01 1.3117e+01 0.0000e+00
1.1699e+01 1.3818e+01 0.0000e+00
1.1891e+01 1.3433e+01 0.0000e+00
1.1782e+01 1.3982e+01 0.0000e+00
1.2119e+01 1.3490e+01 0.0000e+00
1.2269e+01 1.3937e+01 0.0000e+00
1.1764e+01 1.3555e+01 0.0000e+00
1.1176e+01 1.3141e+01 0.0000e+00
1.1125e+01 1.3366e+01 0.0000e+00
1.1352e+01 1.3228e+01 0.0000e+00
1.1521e+01 1.3706e+01 0.0000e+00
1.1633e+01 1.3223e+01 0.0000e+00
1.1594e+01 1.3273e+01 0.0000e+00
1.1655e+01 1.3406e+01 0.0000e+00
1.2370e+01 1.3487e+01 0.0000e+00
1.2387e+01 1.3269e+01 0.0000e+00
1.1371e+01 1.3258e+01 0.0000e+00
1.1726e+01 1.2998e+01 0.0000e+00
1.1949e+01 1.3272e+01 0.0000e+00
1.1729e+01 1.3277e+01 0.0000e+00
1.1481e+01 1.3034e+01 0.0000e+00
1.1504e+01 1.3017e+01 0.0000e+00
1.1764e+01 1.3982e+01 0.0000e+00
1.2166e+01 1.3995e+01 0.0000e+00
1.1701e+01 1.4034e+01 0.0000e+00
1.1473e+01 1.3555e+01 0.0000e+00
1.1380e+01 1.4531e+01 0.0000e+00
1.1438e+01 1.3396e+01 0.0000e+00
1.1429e+01 1.3395e+01 0.0000e+00
1.1631e+01 1.3627e+01 0.0000e+00
1.1687e+01 1.3156e+01 0.0000e+00
1.1977e+01 1.3498e+01 0.0000e+00
1.2020e+01 1.3086e+01 0.0000e+00
1.1764e+01 1.2766e+01 0.0000e+00
1.1911e+01 1.3410e+01 0.0000e+00
1.2086e+01 1.4042e+01 0.0000e+00
1.2033e+01 1.4091e+01 0.0000e+00
1.2805e+01 1.3503e+01 0.0000e+00
1.1485e+01 1.3751e+01 0.0000e+00
1.1405e+01 1.3769e+01 0.0000e+00
1.1239e+01 1.3305e+01 0.0000e+00
1.1614e+01 1.3945e+01 0.0000e+00
1.1125e+01 1.3240e+01 0.0000e+00
1.1656e+01 1.4160e+01 0.0000e+00
1.1489e+01 1.3496e+01 0.0000e+00
1.1949e+01 1.3659e+01 0.0000e+00
1.1954e+01 1.4014e+01 0.0000e+00
1.1584e+01 1.4164e+01 0.0000e+00
1.1657e+01 1.3862e+01 0.0000e+00
1.1224e+01 1.4285e+01 0.0000e+00
1.1410e+01 1.4244e+01 0.0000e+00
1.1305e+01 1.4610e+01 0.0000e+00
1.1481e+01 1.3598e+01 0.0000e+00
1.1883e+01 1.4341e+01 0.0000e+00
1.1595e+01 1.3608e+01 0.0000e+00
1.1538e+01 1.3044e+01 0.0000e+00
1.2193e+01 1.3452e+01 0.0000e+00
1.1661e+01 1.3890e+01 0.0000e+00
1.1805e+01 1.4267e+01 0.0000e+00
1.1128e+01 1.4767e+01 0.0000e+00
1.1684e+01 1.3280e+01 0.0000e+00
1.1931e+01 1.4186e+01 0.0000e+00
1.1843e+01 1.3216e+01 0.0000e+00
1.1810e+01 1.4363e+01 0.0000e+00
1.1944e+01 1.3822e+01 0.0000e+00
1.1563e+01 1.2862e+01 0.0000e+00
1.1566e+01 1.4657e+01 0.0000e+00
1.1168e+01 1.4302e+01 0.0000e+00
1.1548e+01 1.4091e+01 0.0000e+00
1.2269e+01 1.3413e+01 0.0000e+00
1.2082e+01 1.3231e+01 0.0000e+00
1.1540e+01 1.4485e+01 0.0000e+00
1.2364e+01 1.3232e+01 0.0000e+00
1.2183e+01 1.3460e+01 0.0000e+00
1.0985e+01 1.3763e+01 0.0000e+00
1.2233e+01 1.3767e+01 0.0000e+00
1.2220e+01 1.2938e+01 0.0000e+00
1.1489e+01 1.3135e+01 0.0000e+00
1.1557e+01 1.4637e+01 0.0000e+00
1.2230e+01 1.3604e+01 0.0000e+00
1.1856e+01 1.2630e+01 0.0000e+00
1.1736e+01 1.4538e+01 0.0000e+00
1.1940e+01 1.3849e+01 0.0000e+00
1.2024e+01 1.3378e+01 0.0000e+00
1.1834e+01 1.4135e+01 0.0000e+00
1.2230e+01 1.2910e+01 0.0000e+00
1.1967e+01 1.3102e+01 0.0000e+00
1.1667e+01 1.4307e+01 0.0000e+00
1.1059e+01 1.3733e+01 0.0000e+00
1.1347e+01 1.3994e+01 0.0000e+00
1.1081e+01 1.2872e+01 0.0000e+00
1.1182e+01 1.3718e+01 0.0000e+00
1.0751e+01 1.3311e+01 0.0000e+00
1.0599e+01 1.3991e+01 0.0000e+00
1.1322e+01 1.3312e+01 0.0000e+00
1.1347e+01 1.3360e+01 0.0000e+00
1.1340e+01 1.3557e+01 0.0000e+00
1.1185e+01 1.4039e+01 0.0000e+00
1.0705e+01 1.3367e+01 0.0000e+00
1.0805e+01 1.3971e+01 0.0000e+00
1.1248e+01 1.4334e+01 0.0000e+00
1.0819e+01 1.3601e+01 0.0000e+00
1.1161e+01 1.4060e+01 0.0000e+00
1.1752e+01 1.3215e+01 0.0000e+00
1.0643e+01 1.3120e+01 0.0000e+00
1.1936e+01 1.3180e+01 0.0000e+00
1.0923e+01 1.4914e+01 0.0000e+00
1.1216e+01 1.2623e+01 0.0000e+00
1.0932e+01 1.3133e+01 0.0000e+00
1.1698e+01 1.3191e+01 0.0000e+00
1.1016e+01 1.3856e+01 0.0000e+00
1.1001e+01 1.4100e+01 0.0000e+00
1.0927e+01 1.2539e+01 0.0000e+00
1.1085e+01 1.2841e+01 0.0000e+00
1.0838e+01 1.2849e+01 0.0000e+00
1.1388e+01 1.2059e+01 0.0000e+00
1.1165e+01 1.2820e+01 0.0000e+00
1.0671e+01 1.2358e+01 0.0000e+00
1.1619e+01 1.3024e+01 0.0000e+00
1.1481e+01 1.2085e+01 0.0000e+00
1.1518e+01 1.2073e+01 0.0000e+00
1.1759e+01 1.2445e+01 0.0000e+00
1.1518e+01 1.2390e+01 0.0000e+00
1.1076e+01 1.2382e+01 0.0000e+00
1.0779e+01 1.2358e+01 0.0000e+00
1.0959e+01 1.1961e+01 0.0000e+00
1.2089e+01 1.2542e+01 0.0000e+00
1.1397e+01 1.2403e+01 0.0000e+00
1.2252e+01 1.2082e+01 0.0000e+00
1.1213e+01 1.1357e+01 0.0000e+00
1.1492e+01 1.1820e+01 0.0000e+00
1.1489e+01 1.1869e+01 0.0000e+00
1.1695e+01 1.2105e+01 0.0000e+00
1.1791e+01 1.1568e+01 0.0000e+00
1.2081e+01 1.2479e+01 0.0000e+00
1.1450e+01 1.2528e+01 0.0000e+00
1.1242e+01 1.2371e+01 0.0000e+00
1.2425e+01 1.2626e+01 0.0000e+00
1.3062e+01 1.2067e+01 0.0000e+00
1.2699e+01 1.2790e+01 0.0000e+00
1.2074e+01 1.1442e+01 0.0000e+00
1.2231e+01 1.2156e+01 0.0000e+00
1.2228e+01 1.2994e+01 0.0000e+00
1.1968e+01 1.2874e+01 0.0000e+00
1.2029e+01 1.3473e+01 0.0000e+00
1.2290e+01 1.2254e+01 0.0000e+00
1.2371e+01 1.2449e+01 0.0000e+00
1.1834e+01 1.2293e+01 0.0000e+00
1.1644e+01 1.2658e+01 0.0000e+00
1.2050e+01 1.2825e+01 0.0000e+00
1.2062e+01 1.3657e+01 0.0000e+00
1.1845e+01 1.2662e+01 0.0000e+00
1.2411e+01 1.2082e+01 0.0000e+00
1.2355e+01 1.2202e+01 0.0000e+00
1.2420e+01 1.2380e+01 0.0000e+00
1.1889e+01 1.3442e+01 0.0000e+00
1.1904e+01 1.3591e+01 0.0000e+00
1.2533e+01 1.3080e+01 0.0000e+00
1.1941e+01 1.3322e+01 0.0000e+00
1.1915e+01 1.2908e+01 0.0000e+00
1.1938e+01 1.2636e+01 0.0000e+00
1.1812e+01 1.3851e+01 0.0000e+00
1.1639e+01 1.3036e+01 0.0000e+00
1.1593e+01 1.3061e+01 0.0000e+00
1.1660e+01 1.3721e+01 0.0000e+00
1.2298e+01 1.3340e+01 0.0000e+00
1.2070e+01 1.1957e+01 0.0000e+00
1.2083e+01 1.2089e+01 0.0000e+00
1.2002e+01 1.2729e+01 0.0000e+00
1.1309e+01 1.3017e+01 0.0000e+00
1.1442e+01 1.3537e+01 0.0000e+00
1.0664e+01 1.4659e+01 0.0000e+00
1.1270e+01 1.3663e+01 0.0000e+00
1.1563e+01 1.2347e+01 0.0000e+00
1.2078e+01 1.2589e+01 0.0000e+00
1.1301e+01 1.2416e+01 0.0000e+00
1.1647e+01 1.3113e+01 0.0000e+00
1.1216e+01 1.3103e+01 0.0000e+00
1.1717e+01 1.2651e+01 0.0000e+00
1.1643e+01 1.2334e+01 0.0000e+00
1.1878e+01 1.3061e+01 0.0000e+00
1.1452e+01 1.2998e+01 0.0000e+00
1.1353e+01 1.2915e+01 0.0000e+00
1.2005e+01 1.2320e+01 0.0000e+00
1.1937e+01 1.2693e+01 0.0000e+00
1.1818e+01 1.3238e+01 0.0000e+00
1.1740e+01 1.3282e+01 0.0000e+00
1.1458e+01 1.2543e+01 0.0000e+00
1.1878e+01 1.3347e+01 0.0000e+00
1.1706e+01 1.3645e+01 0.0000e+00
1.2188e+01 1.3917e+01 0.0000e+00
1.2001e+01 1.3895e+01 0.0000e+00
1.1864e+01 1.2821e+01 0.0000e+00
1.2366e+01 1.3524e+01 0.0000e+00
1.2085e+01 1.3044e+01 0.0000e+00
1.1419e+01 1.3758e+01 0.0000e+00
1.1707e+01 1.3579e+01 0.0000e+00
1.1482e+01 1.3094e+01 0.0000e+00
1.1695e+01 1.3757e+01 0.0000e+00
1.1579e+01 1.3009e+01 0.0000e+00
1.2139e+01 1.3258e+01 0.0000e+00
1.1705e+01 1.3017e+01 0.0000e+00
1.1904e+01 1.3211e+01 0.0000e+00
1.1556e+01 1.3744e+01 0.0000e+00
1.1799e+01 1.2924e+01 0.0000e+00
1.1613e+01 1.3382e+01 0.0000e+00
1.1424e+01 1.4810e+01 0.0000e+00
1.2434e+01 1.4376e+01 0.0000e+00
1.2296e+01 1.4253e+01 0.0000e+00
1.2348e+01 1.4515e+01 0.0000e+00
1.2628e+01 1.4514e+01 0.0000e+00
1.2495e+01 1.4766e+01 0.0000e+00
1.1765e+01 1.3841e+01 0.0000e+00
1.2573e+01 1.4072e+01 0.0000e+00
1.1813e+01 1.4009e+01 0.0000e+00
1.1401e+01 1.2348e+01 0.0000e+00
1.1154e+01 1.3595e+01 0.0000e+00
1.1468e+01 1.2393e+01 0.0000e+00
1.1866e+01 1.2055e+01 0.0000e+00
1.1442e+01 1.3685e+01 0.0000e+00
1.0819e+01 1.1923e+01 0.0000e+00
1.1387e+01 1.2680e+01 0.0000e+00
1.1128e+01 1.2577e+01 0.0000e+00
1.1744e+01 1.2484e+01 0.0000e+00
1.1436e+01 1.3328e+01 0.0000e+00
1.1731e+01 1.2531e+01 0.0000e+00
1.2361e+01 1.2512e+01 0.0000e+00
1.1519e+01 1.3283e+01 0.0000e+00
1.1169e+01 1.2247e+01 0.0000e+00
1.0986e+01 1.1969e+01 0.0000e+00
1.0810e+01 1.2928e+01 0.0000e+00
1.1332e+01 1.3289e+01 0.0000e+00
1.1556e+01 1.3020e+01 0.0000e+00
1.1732e+01 1.3005e+01 0.0000e+00
1.1146e+01 1.3148e+01 0.0000e+00
1.1285e+01 1.3109e+01 0.0000e+00
1.0860e+01 1.2253e+01 0.0000e+00
1.1968e+01 1.3045e+01 0.0000e+00
1.1572e+01 1.3384e+01 0.0000e+00
1.0876e+01 1.2980e+01 0.0000e+00
1.0282e+01 1.3020e+01 0.0000e+00
1.0092e+01 1.1919e+01 0.0000e+00
1.1538e+01 1.2056e+01 0.0000e+00
1.1219e+01 1.3387e+01 0.0000e+00
1.1093e+01 1.3447e+01 0.0000e+00
1.1281e+01 1.2850e+01 0.0000e+00
1.1559e+01 1.2622e+01 0.0000e+00
1.1095e+01 1.2971e+01 0.0000e+00
1.1375e+01 1.2407e+01 0.0000e+00
1.1497e+01 1.2966e+01 0.0000e+00
1.1664e+01 1.2769e+01 0.0000e+00
1.1286e+01 1.2845e+01 0.0000e+00
1.1630e+01 1.2397e+01 0.0000e+00
1.1865e+01 1.2948e+01 0.0000e+00
1.1491e+01 1.2610e+01 0.0000e+00
1.2239e+01 1.3242e+01 0.0000e+00
1.1977e+01 1.3799e+01 0.0000e+00
1.1776e+01 1.3298e+01 0.0000e+00
1.1208e+01 1.2535e+01 0.0000e+00
1.1923e+01 1.2468e+01 0.0000e+00
1.1480e+01 1.2107e+01 0.0000e+00
1.1771e+01 1.2815e+01 0.0000e+00
1.2242e+01 1.2401e+01 0.0000e+00
1.1244e+01 1.2157e+01 0.0000e+00
1.1885e+01 1.3563e+01 0.0000e+00
1.1971e+01 1.2419e+01 0.0000e+00
1.2655e+01 1.2383e+01 0.0000e+00
1.1852e+01 1.2734e+01 0.0000e+00
1.2036e+01 1.1960e+01 0.0000e+00
1.1812e+01 1.2428e+01 0.0000e+00
1.1717e+01 1.2544e+01 0.0000e+00
1.1545e+01 1.2602e+01 0.0000e+00
1.1833e+01 1.2928e+01 0.0000e+00
1.1509e+01 1.2909e+01 0.0000e+00
1.1701e+01 1.3086e+01 0.0000e+00
1.1584e+01 1.3165e+01 0.0000e+00
1.2216e+01 1.2918e+01 0.0000e+00
1.1351e+01 1.2481e+01 0.0000e+00
1.0922e+01 1.2760e+01 0.0000e+00
1.0819e+01 1.2545e+01 0.0000e+00
1.1336e+01 1.2776e+01 0.0000e+00
1.1013e+01 1.2124e+01 0.0000e+00
1.1690e+01 1.3904e+01 0.0000e+00
1.2119e+01 1.3634e+01 0.0000e+00
1.2140e+01 1.3148e+01 0.0000e+00
1.2850e+01 1.3198e+01 0.0000e+00
1.2581e+01 1.2615e+01 0.0000e+00
1.2554e+01 1.3157e+01 0.0000e+00
1.3167e+01 1.3024e+01 0.0000e+00
1.2146e+01 1.2864e+01 0.0000e+00
1.2916e+01 1.3000e+01 0.0000e+00
1.2319e+01 1.3971e+01 0.0000e+00
1.2554e+01 1.2921e+01 0.0000e+00
1.2243e+01 1.3105e+01 0.0000e+00
1.2032e+01 1.2449e+01 0.0000e+00
1.1381e+01 1.2598e+01 0.0000e+00
1.2207e+01 1.2769e+01 0.0000e+00
1.1932e+01 1.3069e+01 0.0000e+00
1.2257e+01 1.3784e+01 0.0000e+00
1.2107e+01 1.3035e+01 0.0000e+00
1.1777e+01 1.3052e+01 0.0000e+00
1.1809e+01 1.2811e+01 0.0000e+00
1.2640e+01 1.3586e+01 0.0000e+00
1.2014e+01 1.3883e+01 0.0000e+00
1.2253e+01 1.2922e+01 0.0000e+00
1.1700e+01 1.2732e+01 0.0000e+00
1.1929e+01 1.3559e+01 0.0000e+00
1.2075e+01 1.2823e+01 0.0000e+00
1.1332e+01 1.3537e+01 0.0000e+00
1.2216e+01 1.3353e+01 0.0000e+00
1.2625e+01 1.3163e+01 0.0000e+00
1.1934e+01 1.4120e+01 0.0000e+00
1.1703e+01 1.2454e+01 0.0000e+00
1.1968e+01 1.3091e+01 0.0000e+00
1.2324e+01 1.2683e+01 0.0000e+00
1.2607e+01 1.1714e+01 0.0000e+00
1.1926e+01 1.2507e+01 0.0000e+00
1.1964e+01 1.2787e+01 0.0000e+00
1.2035e+01 1.3412e+01 0.0000e+00
1.1882e+01 1.1615e+01 0.0000e+00
1.2119e+01 1.2337e+01 0.0000e+00
1.2496e+01 1.3444e+01 0.0000e+00
1.2410e+01 1.3333e+01 0.0000e+00
1.2118e+01 1.2489e+01 0.0000e+00
1.1767e+01 1.5270e+01 0.0000e+00
1.2217e+01 1.5849e+01 1.0000e+00
1.1298e+01 1.5116e+01 0.0000e+00
1.2066e+01 1.5445e+01 1.0000e+00
1.2478e+01 1.5178e+01 1.0000e+00
1.2502e+01 1.5919e+01 1.0000e+00
1.1682e+01 1.5428e+01 0.0000e+00
1.1662e+01 1.6348e+01 2.0000e+00
1.1954e+01 1.5748e+01 1.0000e+00
1.1703e+01 1.5454e+01 0.0000e+00
1.1993e+01 1.4752e+01 0.0000e+00
1.2242e+01 1.5206e+01 0.0000e+00
1.1943e+01 1.5107e+01 0.0000e+00
1.2238e+01 1.6140e+01 1.0000e+00
1.2108e+01 1.8769e+01 2.0000e+00
1.2648e+01 1.7873e+01 1.0000e+00
1.1806e+01 1.8713e+01 2.0000e+00
1.2413e+01 1.7443e+01 2.0000e+00
1.1909e+01 1.5758e+01 2.0000e+00
1.2367e+01 1.6016e+01 1.0000e+00
1.1654e+01 1.5960e+01 2.0000e+00
1.1675e+01 1.9567e+01 2.0000e+00
1.1863e+01 1.8054e+01 2.0000e+00
1.1323e+01 1.6963e+01 2.0000e+00
1.2014e+01 1.8023e+01 2.0000e+00
1.1277e+01 1.6764e+01 2.0000e+00
1.1754e+01 1.8108e+01 2.0000e+00
1.2460e+01 1.8300e+01 2.0000e+00
1.1774e+01 1.8422e+01 2.0000e+00
1.1792e+01 1.7883e+01 2.0000e+00
1.1920e+01 1.7438e+01 2.0000e+00
1.2279e+01 1.7301e+01 2.0000e+00
1.1398e+01 1.8296e+01 2.0000e+00
1.2109e+01 1.8797e+01 2.0000e+00
1.1680e+01 1.7696e+01 2.0000e+00
1.1253e+01 1.7928e+01 2.0000e+00
1.1610e+01 1.7723e+01 2.0000e+00
1.2337e+01 1.6921e+01 1.0000e+00
1.1216e+01 1.6474e+01 2.0000e+00
1.1595e+01 1.8006e+01 2.0000e+00
1.0848e+01 1.8995e+01 2.0000e+00
1.1807e+01 1.6874e+01 2.0000e+00
1.1921e+01 1.7734e+01 2.0000e+00
1.1747e+01 1.9245e+01 2.0000e+00
1.1211e+01 1.9181e+01 2.0000e+00
1.1701e+01 1.7971e+01 2.0000e+00
1.1989e+01 1.8958e+01 2.0000e+00
1.1763e+01 1.8473e+01 2.0000e+00
1.2083e+01 1.8791e+01 2.0000e+00
1.1491e+01 1.7108e+01 2.0000e+00
1.1486e+01 1.9337e+01 2.0000e+00
1.2134e+01 1.9508e+01 3.0000e+00
1.1131e+01 1.9719e+01 2.0000e+00
1.1408e+01 1.9724e+01 2.0000e+00
1.1856e+01 1.9311e+01 2.0000e+00
1.1514e+01 1.9482e+01 2.0000e+00
1.1674e+01 1.9219e+01 2.0000e+00
1.0887e+01 1.8817e+01 2.0000e+00
1.1799e+01 1.9465e+01 2.0000e+00
1.2313e+01 1.8440e+01 2.0000e+00
1.1936e+01 1.9378e+01 2.0000e+00
1.1597e+01 1.9337e+01 2.0000e+00
1.1370e+01 1.9559e+01 2.0000e+00
1.2073e+01 2.0031e+01 3.0000e+00
1.1436e+01 1.9794e+01 2.0000e+00
1.1231e+01 1.9537e+01 2.0000e+00
1.1797e+01 1.9744e+01 3.0000e+00
1.1768e+01 2.0937e+01 3.0000e+00
1.1445e+01 1.9540e+01 2.0000e+00
1.1990e+01 1.8291e+01 2.0000e+00
1.2120e+01 1.9335e+01 2.0000e+00
1.2018e+01 1.8940e+01 2.0000e+00
1.1789e+01 1.8242e+01 2.0000e+00
1.1898e+01 1.9159e+01 2.0000e+00
1.1666e+01 1.8646e+01 2.0000e+00
1.1876e+01 1.7821e+01 2.0000e+00
1.1736e+01 1.8618e+01 2.0000e+00
1.2374e+01 1.8556e+01 2.0000e+00
1.1532e+01 1.7717e+01 2.0000e+00
1.2636e+01 1.8063e+01 1.0000e+00
1.1724e+01 1.8767e+01 2.0000e+00
1.1619e+01 1.8563e+01 2.0000e+00
1.1753e+01 1.8679e+01 2.0000e+00
1.1703e+01 1.8762e+01 2.0000e+00
1.2038e+01 1.7701e+01 2.0000e+00
1.2436e+01 1.6883e+01 1.0000e+00
1.2061e+01 1.8003e+01 2.0000e+00
1.2172e+01 1.8526e+01 2.0000e+00
1.1567e+01 1.8612e+01 2.0000e+00
1.1316e+01 1.9208e+01 2.0000e+00
1.1423e+01 1.8085e+01 2.0000e+00
1.2241e+01 1.8520e+01 2.0000e+00
1.1621e+01 1.8581e+01 2.0000e+00
1.2622e+01 1.7517e+01 1.0000e+00
1.1847e+01 1.7715e+01 2.0000e+00
1.2108e+01 1.8173e+01 2.0000e+00
1.1614e+01 1.8489e+01 2.0000e+00
1.2439e+01 1.8600e+01 2.0000e+00
1.1468e+01 1.7327e+01 2.0000e+00
1.1932e+01 1.7855e+01 2.0000e+00
1.1858e+01 1.7849e+01 2.0000e+00
1.1628e+01 1.9084e+01 2.0000e+00
1.1400e+01 1.7952e+01 2.0000e+00
1.1879e+01 1.7576e+01 2.0000e+00
1.1586e+01 1.7919e+01 2.0000e+00
1.1855e+01 1.7672e+01 2.0000e+00
1.1157e+01 1.8165e+01 2.0000e+00
1.1029e+01 1.8673e+01 2.0000e+00
1.1868e+01 1.8452e+01 2.0000e+00
1.1842e+01 1.9116e+01 2.0000e+00
1.1472e+01 1.7751e+01 2.0000e+00
1.1291e+01 1.7692e+01 2.0000e+00
1.1659e+01 1.7352e+01 2.0000e+00
1.2144e+01 1.7594e+01 2.0000e+00
1.1212e+01 1.8193e+01 2.0000e+00
1.1517e+01 1.7396e+01 2.0000e+00
1.1850e+01 1.7921e+01 2.0000e+00
1.2049e+01 1.7863e+01 2.0000e+00
1.1637e+01 1.7329e+01 2.0000e+00
1.1308e+01 1.7360e+01 2.0000e+00
1.1580e+01 1.8363e+01 2.0000e+00
1.1441e+01 1.7736e+01 2.0000e+00
1.1424e+01 1.8346e+01 2.0000e+00
1.1618e+01 1.7332e+01 2.0000e+00
1.1751e+01 1.7968e+01 2.0000e+00
1.1158e+01 1.7274e+01 2.0000e+00
1.2169e+01 1.7440e+01 2.0000e+00
1.1327e+01 1.8319e+01 2.0000e+00
1.1889e+01 1.8790e+01 2.0000e+00
1.1913e+01 1.7249e+01 2.0000e+00
1.1661e+01 1.8377e+01 2.0000e+00
1.0912e+01 1.7348e+01 2.0000e+00
1.1471e+01 1.7077e+01 2.0000e+00
1.1775e+01 1.5971e+01 2.0000e+00
1.1094e+01 1.6053e+01 2.0000e+00
1.0848e+01 1.6907e+01 2.0000e+00
1.1669e+01 1.7885e+01 2.0000e+00
1.1372e+01 1.7366e+01 2.0000e+00
1.2131e+01 1.7563e+01 2.0000e+00
1.1563e+01 1.7803e+01 2.0000e+00
1.1111e+01 1.7443e+01 2.0000e+00
1.0965e+01 1.7746e+01 2.0000e+00
1.1036e+01 1.8714e+01 2.0000e+00
1.1544e+01 1.8539e+01 2.0000e+00
1.1489e+01 1.9246e+01 2.0000e+00
1.1277e+01 1.7519e+01 2.0000e+00
1.1262e+01 1.8001e+01 2.0000e+00
1.1512e+01 1.7712e+01 2.0000e+00
1.2206e+01 1.7028e+01 2.0000e+00
1.1662e+01 1.7509e+01 2.0000e+00
1.1283e+01 1.8946e+01 2.0000e+00
1.1735e+01 1.7914e+01 2.0000e+00
1.1567e+01 1.6850e+01 2.0000e+00
1.2663e+01 1.6935e+01 1.0000e+00
1.2478e+01 1.6692e+01 1.0000e+00
1.2605e+01 1.6095e+01 1.0000e+00
1.1843e+01 1.7956e+01 2.0000e+00
1.1419e+01 1.5030e+01 0.0000e+00
1.1491e+01 1.4561e+01 0.0000e+00
1.1644e+01 1.5790e+01 2.0000e+00
1.1768e+01 1.4995e+01 0.0000e+00
1.1941e+01 1.5781e+01 2.0000e+00
1.1305e+01 1.4624e+01 0.0000e+00
1.2003e+01 1.5458e+01 1.0000e+00
1.1618e+01 1.5007e+01 0.0000e+00
1.2671e+01 1.6267e+01 1.0000e+00
1.1941e+01 1.5735e+01 2.0000e+00
1.2683e+01 1.5589e+01 1.0000e+00
1.2092e+01 1.5382e+01 1.0000e+00
1.1673e+01 1.6420e+01 2.0000e+00
1.2524e+01 1.5759e+01 1.0000e+00
1.2137e+01 1.4802e+01 0.0000e+00
1.2042e+01 1.5039e+01 0.0000e+00
1.1883e+01 1.5371e+01 0.0000e+00
1.2271e+01 1.5441e+01 1.0000e+00
1.2132e+01 1.4900e+01 0.0000e+00
1.1821e+01 1.5451e+01 0.0000e+00
1.2092e+01 1.5679e+01 1.0000e+00
1.2401e+01 1.4957e+01 0.0000e+00
1.2243e+01 1.5683e+01 1.0000e+00
1.1054e+01 1.5199e+01 0.0000e+00
1.1932e+01 1.3455e+01 0.0000e+00
1.2531e+01 1.5573e+01 1.0000e+00
1.1754e+01 1.5519e+01 2.0000e+00
1.2028e+01 1.6245e+01 2.0000e+00
1.1903e+01 1.5090e+01 0.0000e+00
1.2697e+01 1.5358e+01 1.0000e+00
1.1378e+01 1.5507e+01 2.0000e+00
1.1635e+01 1.5421e+01 0.0000e+00
1.2344e+01 1.4099e+01 0.0000e+00
1.2163e+01 1.2423e+01 0.0000e+00
1.2123e+01 1.3462e+01 0.0000e+00
1.1890e+01 1.3583e+01 0.0000e+00
1.2037e+01 1.4477e+01 0.0000e+00
1.2754e+01 1.3944e+01 0.0000e+00
1.2183e+01 1.3886e+01 0.0000e+00
1.2297e+01 1.3948e+01 0.0000e+00
1.2343e+01 1.4149e+01 0.0000e+00
1.2498e+01 1.3448e+01 0.0000e+00
1.2627e+01 1.4492e+01 0.0000e+00
1.2728e+01 1.4221e+01 0.0000e+00
1.2590e+01 1.3963e+01 0.0000e+00
1.2733e+01 1.3422e+01 0.0000e+00
1.2733e+01 1.3586e+01 0.0000e+00
1.2227e+01 1.3379e+01 0.0000e+00
1.2118e+01 1.3075e+01 0.0000e+00
1.3196e+01 1.3476e+01 0.0000e+00
1.2400e+01 1.2770e+01 0.0000e+00
1.2821e+01 1.3774e+01 0.0000e+00
1.2679e+01 1.2703e+01 0.0000e+00
1.1958e+01 1.4071e+01 0.0000e+00
1.2170e+01 1.4419e+01 0.0000e+00
1.2143e+01 1.4456e+01 0.0000e+00
1.2208e+01 1.4840e+01 0.0000e+00
1.2682e+01 1.4877e+01 0.0000e+00
1.2791e+01 1.4338e+01 0.0000e+00
1.2429e+01 1.4528e+01 0.0000e+00
1.2668e+01 1.4082e+01 0.0000e+00
1.1753e+01 1.4502e+01 0.0000e+00
1.2507e+01 1.4110e+01 0.0000e+00
1.2939e+01 1.4865e+01 1.0000e+00
1.2851e+01 1.3395e+01 0.0000e+00
1.2871e+01 1.4046e+01 0.0000e+00
1.3381e+01 1.4122e+01 0.0000e+00
1.3123e+01 1.4291e+01 0.0000e+00
1.2605e+01 1.4012e+01 0.0000e+00
1.2677e+01 1.3985e+01 0.0000e+00
1.2716e+01 1.4137e+01 0.0000e+00
1.2340e+01 1.3863e+01 0.0000e+00
1.1986e+01 1.4787e+01 0.0000e+00
1.1818e+01 1.4505e+01 0.0000e+00
1.1814e+01 1.4207e+01 0.0000e+00
1.1773e+01 1.4272e+01 0.0000e+00
1.2310e+01 1.4147e+01 0.0000e+00
1.1731e+01 1.4567e+01 0.0000e+00
1.2050e+01 1.4288e+01 0.0000e+00
1.1811e+01 1.4843e+01 0.0000e+00
1.2445e+01 1.4446e+01 0.0000e+00
1.1474e+01 1.4957e+01 0.0000e+00
1.2148e+01 1.4426e+01 0.0000e+00
1.1889e+01 1.3643e+01 0.0000e+00
1.2034e+01 1.3972e+01 0.0000e+00
1.2043e+01 1.4174e+01 0.0000e+00
1.2388e+01 1.4079e+01 0.0000e+00
1.1581e+01 1.4459e+01 0.0000e+00
1.1224e+01 1.4292e+01 0.0000e+00
1.1523e+01 1.3814e+01 0.0000e+00
1.1526e+01 1.3994e+01 0.0000e+00
1.1712e+01 1.4198e+01 0.0000e+00
1.1287e+01 1.4631e+01 0.0000e+00
1.1104e+01 1.4123e+01 0.0000e+00
1.1324e+01 1.4396e+01 0.0000e+00
1.1494e+01 1.4911e+01 0.0000e+00
1.1516e+01 1.4744e+01 0.0000e+00
1.1331e+01 1.4380e+01 0.0000e+00
1.1661e+01 1.4872e+01 0.0000e+00
1.1523e+01 1.3644e+01 0.0000e+00
1.1839e+01 1.4966e+01 0.0000e+00
1.1396e+01 1.4090e+01 0.0000e+00
1.1675e+01 1.4480e+01 0.0000e+00
1.1590e+01 1.4235e+01 0.0000e+00
1.1366e+01 1.3103e+01 0.0000e+00
1.1970e+01 1.2208e+01 0.0000e+00
1.2018e+01 1.2657e+01 0.0000e+00
1.2107e+01 1.4043e+01 0.0000e+00
1.1447e+01 1.2641e+01 0.0000e+00
1.1995e+01 1.2535e+01 0.0000e+00
1.1014e+01 1.2729e+01 0.0000e+00
1.1476e+01 1.3907e+01 0.0000e+00
1.1471e+01 1.1984e+01 0.0000e+00
1.1225e+01 1.3518e+01 0.0000e+00
1.0549e+01 1.2246e+01 0.0000e+00
1.2226e+01 1.2490e+01 0.0000e+00
1.1895e+01 1.2348e+01 0.0000e+00
1.1955e+01 1.2700e+01 0.0000e+00
1.1993e+01 1.2554e+01 0.0000e+00
1.2363e+01 1.3783e+01 0.0000e+00
1.2448e+01 1.4596e+01 0.0000e+00
1.2452e+01 1.2923e+01 0.0000e+00
1.2169e+01 1.2923e+01 0.0000e+00
1.1967e+01 1.3097e+01 0.0000e+00
1.1752e+01 1.3798e+01 0.0000e+00
1.1586e+01 1.1926e+01 0.0000e+00
1.2001e+01 1.3171e+01 0.0000e+00
1.2403e+01 1.3741e+01 0.0000e+00
1.1536e+01 1.2821e+01 0.0000e+00
1.1408e+01 1.4891e+01 0.0000e+00
1.1976e+01 1.4322e+01 0.0000e+00
1.1968e+01 1.5316e+01 0.0000e+00
1.1176e+01 1.5173e+01 0.0000e+00
1.1981e+01 1.4861e+01 0.0000e+00
1.2185e+01 1.4843e+01 0.0000e+00
1.1845e+01 1.4764e+01 0.0000e+00
1.0838e+01 1.5931e+01 2.0000e+00
1.1444e+01 1.5559e+01 0.0000e+00
1.1663e+01 1.4748e+01 0.0000e+00
1.1746e+01 1.5706e+01 2.0000e+00
1.1574e+01 1.4868e+01 0.0000e+00
1.1219e+01 1.4863e+01 0.0000e+00
1.1511e+01 1.3703e+01 0.0000e+00
1.1705e+01 1.5631e+01 2.0000e+00
1.1463e+01 1.5283e+01 0.0000e+00
1.1904e+01 1.5077e+01 0.0000e+00
1.1387e+01 1.3590e+01 0.0000e+00
1.1371e+01 1.3406e+01 0.0000e+00
1.1469e+01 1.4011e+01 0.0000e+00
1.1796e+01 1.3252e+01 0.0000e+00
1.1328e+01 1.3763e+01 0.0000e+00
1.1211e+01 1.2375e+01 0.0000e+00
1.1246e+01 1.4290e+01 0.0000e+00
1.1201e+01 1.3817e+01 0.0000e+00
1.0828e+01 1.3845e+01 0.0000e+00
1.1334e+01 1.3206e+01 0.0000e+00
1.1531e+01 1.3456e+01 0.0000e+00
1.1258e+01 1.2938e+01 0.0000e+00
1.1104e+01 1.3238e+01 0.0000e+00
1.1266e+01 1.4327e+01 0.0000e+00
1.1512e+01 1.4115e+01 0.0000e+00
1.1654e+01 1.4796e+01 0.0000e+00
1.2014e+01 1.3912e+01 0.0000e+00
1.1152e+01 1.3931e+01 0.0000e+00
1.2011e+01 1.4952e+01 0.0000e+00
1.2128e+01 1.4205e+01 0.0000e+00
1.2160e+01 1.3792e+01 0.0000e+00
1.1946e+01 1.3537e+01 0.0000e+00
1.2474e+01 1.5725e+01 1.0000e+00
1.2313e+01 1.3774e+01 0.0000e+00
1.2190e+01 1.5650e+01 1.0000e+00
1.2267e+01 1.4730e+01 0.0000e+00
1.2130e+01 1.4611e+01 0.0000e+00
1.2391e+01 1.5232e+01 1.0000e+00
1.2285e+01 1.4460e+01 0.0000e+00
1.0657e+01 1.2983e+01 0.0000e+00
1.2289e+01 1.2595e+01 0.0000e+00
1.1633e+01 1.3428e+01 0.0000e+00
1.1892e+01 1.3384e+01 0.0000e+00
1.1699e+01 1.3296e+01 0.0000e+00
1.1631e+01 1.4186e+01 0.0000e+00
1.1825e+01 1.4327e+01 0.0000e+00
1.1255e+01 1.4275e+01 0.0000e+00
1.1079e+01 1.4453e+01 0.0000e+00
1.1183e+01 1.4347e+01 0.0000e+00
1.1285e+01 1.3953e+01 0.0000e+00
1.1085e+01 1.4396e+01 0.0000e+00
1.1880e+01 1.4853e+01 0.0000e+00
1.1948e+01 1.2794e+01 0.0000e+00
1.1301e+01 1.2862e+01 0.0000e+00
1.1620e+01 1.3586e+01 0.0000e+00
1.2149e+01 1.4369e+01 0.0000e+00
1.1916e+01 1.4522e+01 0.0000e+00
1.1087e+01 1.3895e+01 0.0000e+00
1.1485e+01 1.4748e+01 0.0000e+00
1.1019e+01 1.4179e+01 0.0000e+00
1.1587e+01 1.4638e+01 0.0000e+00
1.1003e+01 1.4982e+01 0.0000e+00
1.1993e+01 1.3836e+01 0.0000e+00
1.1451e+01 1.4013e+01 0.0000e+00
1.1622e+01 1.3308e+01 0.0000e+00
1.1756e+01 1.2865e+01 0.0000e+00
1.1588e+01 1.3268e+01 0.0000e+00
1.1613e+01 1.5269e+01 0.0000e+00
1.1494e+01 1.4603e+01 0.0000e+00
1.1897e+01 1.4395e+01 0.0000e+00
1.1787e+01 1.4149e+01 0.0000e+00
1.1533e+01 1.3715e+01 0.0000e+00
1.1772e+01 1.4159e+01 0.0000e+00
1.1117e+01 1.4684e+01 0.0000e+00
1.1804e+01 1.0586e+01 0.0000e+00
1.1943e+01 1.1132e+01 0.0000e+00
1.2129e+01 1.2308e+01 0.0000e+00
1.2320e+01 1.2575e+01 0.0000e+00
1.2229e+01 1.1784e+01 0.0000e+00
1.2532e+01 1.2409e+01 0.0000e+00
1.2758e+01 1.4623e+01 0.0000e+00
1.1263e+01 1.4123e+01 0.0000e+00
1.2526e+01 1.3379e+01 0.0000e+00
1.2340e+01 1.3733e+01 0.0000e+00
1.2324e+01 1.3740e+01 0.0000e+00
1.2007e+01 1.3128e+01 0.0000e+00
1.2447e+01 1.3719e+01 0.0000e+00
1.0942e+01 1.3581e+01 0.0000e+00
1.2061e+01 1.3414e+01 0.0000e+00
1.1655e+01 1.4066e+01 0.0000e+00
1.1882e+01 1.3710e+01 0.0000e+00
1.2094e+01 1.4012e+01 0.0000e+00
1.2393e+01 1.4690e+01 0.0000e+00
1.2624e+01 1.2676e+01 0.0000e+00
1.2117e+01 1.3727e+01 0.0000e+00
1.2113e+01 1.4293e+01 0.0000e+00
1.1424e+01 1.4704e+01 0.0000e+00
1.1943e+01 1.3849e+01 0.0000e+00
1.0955e+01 1.4701e+01 0.0000e+00
1.1214e+01 1.2303e+01 0.0000e+00
1.0709e+01 1.3973e+01 0.0000e+00
1.0201e+01 1.4341e+01 0.0000e+00
1.1027e+01 1.3937e+01 0.0000e+00
1.0871e+01 1.4700e+01 0.0000e+00
1.1374e+01 1.3397e+01 0.0000e+00
1.1308e+01 1.3523e+01 0.0000e+00
1.2073e+01 1.4007e+01 0.0000e+00
1.1798e+01 1.4468e+01 0.0000e+00
1.2662e+01 1.4624e+01 0.0000e+00
1.2079e+01 1.5068e+01 0.0000e+00
1.2056e+01 1.3978e+01 0.0000e+00
1.1252e+01 1.4738e+01 0.0000e+00
1.1368e+01 1.3015e+01 0.0000e+00
1.1102e+01 1.6870e+01 2.0000e+00
1.1640e+01 1.5946e+01 2.0000e+00
1.1302e+01 1.4115e+01 0.0000e+00
1.1089e+01 1.6358e+01 2.0000e+00
1.2039e+01 1.4770e+01 0.0000e+00
1.1517e+01 1.4038e+01 0.0000e+00
1.1528e+01 1.4961e+01 0.0000e+00
1.1295e+01 1.6501e+01 2.0000e+00
1.1994e+01 1.4770e+01 0.0000e+00
1.1698e+01 1.6938e+01 2.0000e+00
1.1014e+01 1.7652e+01 2.0000e+00
1.1452e+01 1.7803e+01 2.0000e+00
1.1481e+01 1.6923e+01 2.0000e+00
1.1153e+01 1.8751e+01 2.0000e+00
1.1737e+01 1.7166e+01 2.0000e+00
1.1149e+01 1.6782e+01 2.0000e+00
1.1644e+01 1.6916e+01 2.0000e+00
1.0656e+01 1.7246e+01 2.0000e+00
1.0916e+01 1.5679e+01 2.0000e+00
1.1320e+01 1.7021e+01 2.0000e+00
1.1360e+01 1.5960e+01 2.0000e+00
1.1312e+01 1.6636e+01 2.0000e+00
1.2025e+01 1.7713e+01 2.0000e+00
1.1873e+01 1.7404e+01 2.0000e+00
1.1717e+01 1.7649e+01 2.0000e+00
1.0892e+01 1.8110e+01 2.0000e+00
1.1233e+01 1.7196e+01 2.0000e+00
1.1929e+01 1.5863e+01 2.0000e+00
1.1598e+01 1.6217e+01 2.0000e+00
1.1601e+01 1.6225e+01 2.0000e+00
1.2223e+01 1.6030e+01 1.0000e+00
1.1564e+01 1.6024e+01 2.0000e+00
1.0784e+01 1.6701e+01 2.0000e+00
1.1131e+01 1.6598e+01 2.0000e+00
1.1860e+01 1.6893e+01 2.0000e+00
1.1541e+01 1.6306e+01 2.0000e+00
1.1836e+01 1.7453e+01 2.0000e+00
1.1851e+01 1.6562e+01 2.0000e+00
1.1620e+01 1.6132e+01 2.0000e+00
1.2058e+01 1.6707e+01 2.0000e+00
1.2029e+01 1.8539e+01 2.0000e+00
1.1157e+01 1.7636e+01 2.0000e+00
1.1051e+01 1.7044e+01 2.0000e+00
1.1625e+01 1.8167e+01 2.0000e+00
1.2025e+01 1.7579e+01 2.0000e+00
1.1802e+01 1.8242e+01 2.0000e+00
1.1644e+01 1.7366e+01 2.0000e+00
1.1145e+01 1.7876e+01 2.0000e+00
1.1223e+01 1.7731e+01 2.0000e+00
1.1134e+01 1.8044e+01 2.0000e+00
1.1092e+01 1.7988e+01 2.0000e+00
1.1395e+01 1.6639e+01 2.0000e+00
1.1719e+01 1.5951e+01 2.0000e+00
1.1095e+01 1.6895e+01 2.0000e+00
1.0989e+01 1.6023e+01 2.0000e+00
1.1593e+01 1.6819e+01 2.0000e+00
1.1150e+01 1.7080e+01 2.0000e+00
1.1447e+01 1.6936e+01 2.0000e+00
1.1799e+01 1.7295e+01 2.0000e+00
1.1282e+01 1.6170e+01 2.0000e+00
1.1297e+01 1.7911e+01 2.0000e+00
1.1360e+01 1.8438e+01 2.0000e+00
1.1529e+01 1.6711e+01 2.0000e+00
1.1202e+01 1.5990e+01 2.0000e+00
1.0454e+01 1.6124e+01 2.0000e+00
1.0826e+01 1.7484e+01 2.0000e+00
1.1092e+01 1.6826e+01 2.0000e+00
1.1048e+01 1.8442e+01 2.0000e+00
1.1638e+01 1.7130e+01 2.0000e+00
1.0971e+01 1.7047e+01 2.0000e+00
1.0845e+01 1.8021e+01 2.0000e+00
1.1288e+01 1.5325e+01 0.0000e+00
1.1211e+01 1.6894e+01 2.0000e+00
1.1437e+01 1.7613e+01 2.0000e+00
1.1507e+01 1.5383e+01 0.0000e+00
1.1326e+01 1.7493e+01 2.0000e+00
1.1742e+01 1.6503e+01 2.0000e+00
1.0843e+01 1.7574e+01 2.0000e+00
1.0769e+01 1.6218e+01 2.0000e+00
1.0998e+01 1.8087e+01 2.0000e+00
1.0646e+01 1.8039e+01 2.0000e+00
1.1246e+01 1.7650e+01 2.0000e+00
1.1387e+01 1.8232e+01 2.0000e+00
1.0730e+01 1.7002e+01 2.0000e+00
1.1202e+01 1.8087e+01 2.0000e+00
1.0853e+01 1.9388e+01 2.0000e+00
1.0933e+01 1.8873e+01 2.0000e+00
1.0348e+01 1.8315e+01 2.0000e+00
1.0650e+01 1.9734e+01 2.0000e+00
1.0867e+01 1.9157e+01 2.0000e+00
1.0767e+01 1.9567e+01 2.0000e+00
1.1422e+01 1.9949e+01 2.0000e+00
1.0946e+01 2.0205e+01 3.0000e+00
1.0801e+01 1.9245e+01 2.0000e+00
1.0730e+01 1.8466e+01 2.0000e+00
1.1027e+01 1.8873e+01 2.0000e+00
1.0803e+01 1.8401e+01 2.0000e+00
1.0300e+01 1.9243e+01 2.0000e+00
1.0049e+01 2.0676e+01 3.0000e+00
1.1363e+01 1.9362e+01 2.0000e+00
1.0862e+01 1.8601e+01 2.0000e+00
1.1446e+01 1.8083e+01 2.0000e+00
1.1510e+01 1.9819e+01 2.0000e+00
1.0588e+01 1.9365e+01 2.0000e+00
1.1380e+01 1.8933e+01 2.0000e+00
1.0985e+01 1.9659e+01 2.0000e+00
1.0762e+01 1.7994e+01 2.0000e+00
1.0826e+01 1.6709e+01 2.0000e+00
1.1241e+01 1.8796e+01 2.0000e+00
1.1715e+01 1.9649e+01 2.0000e+00
1.2077e+01 1.8143e+01 2.0000e+00
1.1491e+01 1.8508e+01 2.0000e+00
1.1210e+01 2.0868e+01 3.0000e+00
1.0791e+01 2.1410e+01 3.0000e+00
1.0562e+01 2.0202e+01 3.0000e+00
1.0367e+01 2.1937e+01 3.0000e+00
1.1707e+01 2.0056e+01 3.0000e+00
1.1455e+01 2.2332e+01 3.0000e+00
1.0924e+01 2.0971e+01 3.0000e+00
1.1904e+01 2.0248e+01 3.0000e+00
1.0993e+01 1.9999e+01 3.0000e+00
1.1457e+01 1.9816e+01 2.0000e+00
1.1537e+01 1.9658e+01 2.0000e+00
1.1036e+01 2.0393e+01 3.0000e+00
1.1181e+01 2.0415e+01 3.0000e+00
1.1930e+01 2.0287e+01 3.0000e+00
1.1428e+01 1.9096e+01 2.0000e+00
1.1158e+01 1.9693e+01 2.0000e+00
1.2018e+01 1.8473e+01 2.0000e+00
1.2123e+01 1.8137e+01 2.0000e+00
1.1377e+01 1.9574e+01 2.0000e+00
1.1381e+01 1.8211e+01 2.0000e+00
1.0069e+01 1.7301e+01 2.0000e+00
1.1251e+01 1.7694e+01 2.0000e+00
1.1487e+01 1.8557e+01 2.0000e+00
1.1554e+01 1.7856e+01 2.0000e+00
1.1373e+01 1.8544e+01 2.0000e+00
1.0948e+01 1.9257e+01 2.0000e+00
1.0640e+01 1.7635e+01 2.0000e+00
1.0971e+01 1.8003e+01 2.0000e+00
1.1532e+01 1.8617e+01 2.0000e+00
1.2051e+01 1.7926e+01 2.0000e+00
1.0784e+01 1.5548e+01 2.0000e+00
1.0590e+01 1.9357e+01 2.0000e+00
1.1370e+01 1.6890e+01 2.0000e+00
1.0832e+01 1.8282e+01 2.0000e+00
1.0317e+01 1.8010e+01 2.0000e+00
1.0321e+01 1.7246e+01 2.0000e+00
1.0347e+01 1.6560e+01 2.0000e+00
1.0512e+01 1.6404e+01 2.0000e+00
1.0442e+01 1.7409e+01 2.0000e+00
1.0131e+01 1.8821e+01 2.0000e+00
1.0532e+01 1.9716e+01 2.0000e+00
1.1195e+01 1.8647e+01 2.0000e+00
1.1175e+01 1.8609e+01 2.0000e+00
1.1254e+01 1.8851e+01 2.0000e+00
1.0876e+01 2.0333e+01 3.0000e+00
1.1098e+01 1.8109e+01 2.0000e+00
1.0568e+01 1.9853e+01 2.0000e+00
1.0435e+01 1.9413e+01 2.0000e+00
1.0141e+01 1.9454e+01 2.0000e+00
1.0165e+01 2.0059e+01 2.0000e+00
1.0912e+01 2.0398e+01 3.0000e+00
1.0404e+01 1.8319e+01 2.0000e+00
1.0224e+01 1.8297e+01 2.0000e+00
1.0281e+01 1.9390e+01 2.0000e+00
1.0739e+01 1.8930e+01 2.0000e+00
1.0538e+01 1.8903e+01 2.0000e+00
1.0604e+01 1.8797e+01 2.0000e+00
1.0205e+01 1.9390e+01 2.0000e+00
1.0200e+01 1.8469e+01 2.0000e+00
1.1434e+01 1.8211e+01 2.0000e+00
1.0804e+01 1.7875e+01 2.0000e+00
1.1045e+01 1.9370e+01 2.0000e+00
1.0722e+01 1.7300e+01 2.0000e+00
1.0725e+01 1.7658e+01 2.0000e+00
1.0889e+01 1.8664e+01 2.0000e+00
1.0398e+01 1.6527e+01 2.0000e+00
1.0847e+01 1.8678e+01 2.0000e+00
1.0673e+01 1.9626e+01 2.0000e+00
1.0704e+01 1.9592e+01 2.0000e+00
1.0822e+01 1.8193e+01 2.0000e+00
1.0300e+01 1.8989e+01 2.0000e+00
1.0804e+01 1.9099e+01 2.0000e+00
1.0726e+01 1.8518e+01 2.0000e+00
1.0346e+01 1.8558e+01 2.0000e+00
1.0034e+01 1.9013e+01 2.0000e+00
1.0047e+01 1.7868e+01 2.0000e+00
1.0347e+01 1.7326e+01 2.0000e+00
1.0027e+01 1.7935e+01 2.0000e+00
1.0419e+01 1.9339e+01 2.0000e+00
9.9977e+00 2.1496e+01 3.0000e+00
1.0719e+01 2.0301e+01 3.0000e+00
1.1076e+01 1.8953e+01 2.0000e+00
1.1200e+01 1.8971e+01 2.0000e+00
1.0761e+01 1.9755e+01 2.0000e+00
1.0561e+01 1.8219e+01 2.0000e+00
1.0175e+01 1.7990e+01 2.0000e+00
1.0486e+01 1.8239e+01 2.0000e+00
9.7082e+00 1.8884e+01 2.0000e+00
9.5014e+00 1.9759e+01 2.0000e+00
1.0248e+01 2.0024e+01 2.0000e+00
1.0703e+01 2.0718e+01 3.0000e+00
1.0268e+01 1.8791e+01 2.0000e+00
1.0734e+01 1.8583e+01 2.0000e+00
1.0635e+01 1.9077e+01 2.0000e+00
1.0480e+01 1.9893e+01 2.0000e+00
1.0793e+01 1.9090e+01 2.0000e+00
1.0881e+01 1.9425e+01 2.0000e+00
1.0303e+01 1.9218e+01 2.0000e+00
1.0852e+01 1.9334e+01 2.0000e+00
1.0618e+01 1.9236e+01 2.0000e+00
1.0542e+01 1.9994e+01 2.0000e+00
1.0328e+01 2.0142e+01 2.0000e+00
1.0184e+01 1.8312e+01 2.0000e+00
1.0835e+01 1.9783e+01 2.0000e+00
1.1213e+01 1.8633e+01 2.0000e+00
1.0381e+01 1.8932e+01 2.0000e+00
1.1265e+01 1.9880e+01 2.0000e+00
1.1368e+01 2.1211e+01 3.0000e+00
1.1349e+01 2.1155e+01 3.0000e+00
1.0471e+01 1.9454e+01 2.0000e+00
1.0958e+01 2.0493e+01 3.0000e+00
1.0686e+01 1.9550e+01 2.0000e+00
1.0768e+01 1.9075e+01 2.0000e+00
1.0361e+01 1.9886e+01 2.0000e+00
1.0974e+01 1.9205e+01 2.0000e+00
1.0280e+01 2.1089e+01 3.0000e+00
1.0994e+01 2.1457e+01 3.0000e+00
1.0985e+01 1.9699e+01 2.0000e+00
1.1097e+01 1.9366e+01 2.0000e+00
1.1346e+01 1.8790e+01 2.0000e+00
1.1403e+01 1.9682e+01 2.0000e+00
1.1181e+01 2.0260e+01 3.0000e+00
1.1193e+01 1.8824e+01 2.0000e+00
1.0888e+01 1.8404e+01 2.0000e+00
1.1384e+01 1.9800e+01 2.0000e+00
1.0977e+01 1.9935e+01 2.0000e+00
1.1355e+01 2.0274e+01 3.0000e+00
1.0748e+01 2.0201e+01 3.0000e+00
1.0787e+01 2.0255e+01 3.0000e+00
1.0806e+01 1.9668e+01 2.0000e+00
1.1247e+01 1.9388e+01 2.0000e+00
1.0509e+01 1.9019e+01 2.0000e+00
1.0998e+01 1.8908e+01 2.0000e+00
1.1063e+01 1.9494e+01 2.0000e+00
1.1837e+01 1.8689e+01 2.0000e+00
1.0525e+01 2.0709e+01 3.0000e+00
1.0950e+01 1.9923e+01 2.0000e+00
1.1208e+01 2.1968e+01 3.0000e+00
1.1132e+01 2.0993e+01 3.0000e+00
1.0983e+01 2.0603e+01 3.0000e+00
1.2017e+01 2.1076e+01 3.0000e+00
1.1116e+01 2.0943e+01 3.0000e+00
1.1057e+01 2.0847e+01 3.0000e+00
1.1346e+01 1.9984e+01 2.0000e+00
1.1286e+01 1.9907e+01 2.0000e+00
1.1551e+01 1.9731e+01 2.0000e+00
1.1702e+01 1.9918e+01 3.0000e+00
1.1293e+01 1.9079e+01 2.0000e+00
1.1082e+01 2.0738e+01 3.0000e+00
1.1512e+01 2.0234e+01 3.0000e+00
1.1851e+01 1.9951e+01 3.0000e+00
1.3763e+01 1.8638e+01 1.0000e+00
1.3236e+01 1.8683e+01 1.0000e+00
1.2730e+01 2.0448e+01 3.0000e+00
1.3688e+01 2.0163e+01 3.0000e+00
1.2786e+01 2.0701e+01 3.0000e+00
1.3153e+01 2.1490e+01 3.0000e+00
1.2855e+01 2.0884e+01 3.0000e+00
1.3213e+01 1.9435e+01 3.0000e+00
1.2095e+01 1.8937e+01 2.0000e+00
1.2556e+01 2.0539e+01 3.0000e+00
1.2039e+01 2.0747e+01 3.0000e+00
1.1657e+01 2.0362e+01 3.0000e+00
1.0682e+01 2.1047e+01 3.0000e+00
1.1570e+01 2.0919e+01 3.0000e+00
1.1234e+01 1.9934e+01 3.0000e+00
1.2118e+01 2.0383e+01 3.0000e+00
1.1454e+01 2.0195e+01 3.0000e+00
1.1387e+01 2.1400e+01 3.0000e+00
1.1786e+01 2.0997e+01 3.0000e+00
1.1577e+01 2.0494e+01 3.0000e+00
1.1743e+01 2.0349e+01 3.0000e+00
1.1372e+01 1.8534e+01 2.0000e+00
1.2321e+01 2.1811e+01 3.0000e+00
1.1066e+01 2.1054e+01 3.0000e+00
1.1441e+01 2.0627e+01 3.0000e+00
1.1187e+01 2.1906e+01 3.0000e+00
1.1763e+01 2.1105e+01 3.0000e+00
1.1197e+01 2.0628e+01 3.0000e+00
1.1430e+01 2.2506e+01 3.0000e+00
1.1515e+01 2.1509e+01 3.0000e+00
1.1464e+01 2.1626e+01 3.0000e+00
1.2097e+01 2.1258e+01 3.0000e+00
1.1385e+01 1.9690e+01 2.0000e+00
1.1554e+01 2.0602e+01 3.0000e+00
1.0662e+01 2.0007e+01 3.0000e+00
1.1691e+01 2.1179e+01 3.0000e+00
1.1311e+01 2.0668e+01 3.0000e+00
1.1182e+01 1.9730e+01 2.0000e+00
1.1049e+01 2.0473e+01 3.0000e+00
1.1043e+01 2.0696e+01 3.0000e+00
1.0888e+01 1.9023e+01 2.0000e+00
1.1071e+01 2.0339e+01 3.0000e+00
1.1745e+01 2.0577e+01 3.0000e+00
1.0886e+01 2.1379e+01 3.0000e+00
1.0784e+01 2.0889e+01 3.0000e+00
1.1097e+01 2.0992e+01 3.0000e+00
1.1207e+01 2.0207e+01 3.0000e+00
1.0881e+01 2.1324e+01 3.0000e+00
1.1123e+01 2.0577e+01 3.0000e+00
1.1146e+01 2.0497e+01 3.0000e+00
1.1000e+01 2.0426e+01 3.0000e+00
1.1364e+01 2.1569e+01 3.0000e+00
1.0754e+01 2.1495e+01 3.0000e+00
1.1479e+01 2.0741e+01 3.0000e+00
1.1598e+01 2.0737e+01 3.0000e+00
1.0660e+01 2.1186e+01 3.0000e+00
1.1332e+01 2.2046e+01 3.0000e+00
1.1300e+01 2.0271e+01 3.0000e+00
1.1293e+01 2.2294e+01 3.0000e+00
1.0832e+01 2.0937e+01 3.0000e+00
1.1181e+01 2.0970e+01 3.0000e+00
1.1133e+01 2.1278e+01 3.0000e+00
1.0742e+01 2.0322e+01 3.0000e+00
1.1187e+01 2.0163e+01 3.0000e+00
1.0778e+01 2.0493e+01 3.0000e+00
1.1064e+01 2.0534e+01 3.0000e+00
1.0424e+01 1.9569e+01 2.0000e+00
1.0644e+01 2.0446e+01 3.0000e+00
1.1335e+01 1.9975e+01 3.0000e+00
1.0649e+01 2.0755e+01 3.0000e+00
1.1201e+01 2.0493e+01 3.0000e+00
1.0913e+01 2.0774e+01 3.0000e+00
1.0963e+01 2.0289e+01 3.0000e+00
1.1592e+01 2.0564e+01 3.0000e+00
1.1721e+01 2.0657e+01 3.0000e+00
1.0662e+01 2.0231e+01 3.0000e+00
1.0720e+01 2.0721e+01 3.0000e+00
1.1535e+01 2.2090e+01 3.0000e+00
1.0640e+01 2.0468e+01 3.0000e+00
1.1520e+01 2.1444e+01 3.0000e+00
1.1402e+01 2.1190e+01 3.0000e+00
1.0387e+01 2.0950e+01 3.0000e+00
1.1484e+01 2.0199e+01 3.0000e+00
1.1050e+01 2.0441e+01 3.0000e+00
1.0816e+01 2.0473e+01 3.0000e+00
1.1040e+01 2.0206e+01 3.0000e+00
1.1615e+01 2.0202e+01 3.0000e+00
1.1669e+01 2.0501e+01 3.0000e+00
1.1156e+01 2.1473e+01 3.0000e+00
1.1697e+01 2.1025e+01 3.0000e+00
1.1779e+01 2.1023e+01 3.0000e+00
1.1967e+01 2.0768e+01 3.0000e+00
1.1703e+01 2.0696e+01 3.0000e+00
1.1544e+01 2.0258e+01 3.0000e+00
1.2276e+01 1.9471e+01 3.0000e+00
1.1845e+01 2.0526e+01 3.0000e+00
1.2088e+01 2.0882e+01 3.0000e+00
1.1619e+01 2.1018e+01 3.0000e+00
1.1450e+01 2.1492e+01 3.0000e+00
1.1215e+01 2.0648e+01 3.0000e+00
1.1574e+01 2.0384e+01 3.0000e+00
1.1737e+01 2.1172e+01 3.0000e+00
1.1260e+01 2.1002e+01 3.0000e+00
1.1327e+01 2.1138e+01 3.0000e+00
1.1752e+01 2.1162e+01 3.0000e+00
1.1409e+01 2.0603e+01 3.0000e+00
1.1004e+01 2.1429e+01 3.0000e+00
1.1843e+01 2.0856e+01 3.0000e+00
1.2421e+01 2.1630e+01 3.0000e+00
1.1982e+01 2.0201e+01 3.0000e+00
1.2072e+01 1.9722e+01 3.0000e+00
1.1888e+01 2.0394e+01 3.0000e+00
1.2081e+01 2.0711e+01 3.0000e+00
1.1305e+01 2.1190e+01 3.0000e+00
1.2022e+01 2.0818e+01 3.0000e+00
1.2236e+01 2.0192e+01 3.0000e+00
1.4059e+01 2.0280e+01 3.0000e+00
1.2447e+01 1.9862e+01 3.0000e+00
1.3394e+01 2.1554e+01 3.0000e+00
1.3262e+01 1.9416e+01 3.0000e+00
1.3611e+01 2.0674e+01 3.0000e+00
1.3502e+01 2.0636e+01 3.0000e+00
1.3594e+01 2.0346e+01 3.0000e+00
1.2737e+01 2.0811e+01 3.0000e+00
1.3014e+01 2.0461e+01 3.0000e+00
1.2445e+01 2.1550e+01 3.0000e+00
1.2374e+01 2.0699e+01 3.0000e+00
1.2292e+01 1.9456e+01 3.0000e+00
1.2599e+01 2.1282e+01 3.0000e+00
1.1543e+01 2.0920e+01 3.0000e+00
1.2014e+01 2.1901e+01 3.0000e+00
1.2869e+01 2.1404e+01 3.0000e+00
1.3057e+01 2.0761e+01 3.0000e+00
1.2745e+01 2.0140e+01 3.0000e+00
1.2693e+01 2.1303e+01 3.0000e+00
1.2531e+01 2.0916e+01 3.0000e+00
1.2506e+01 2.1134e+01 3.0000e+00
1.3168e+01 2.2947e+01 3.0000e+00
1.3167e+01 2.2722e+01 3.0000e+00
1.1850e+01 2.0817e+01 3.0000e+00
1.3313e+01 2.0291e+01 3.0000e+00
1.1563e+01 2.0880e+01 3.0000e+00
1.1697e+01 2.2273e+01 3.0000e+00
1.1791e+01 2.1415e+01 3.0000e+00
1.1575e+01 2.3145e+01 3.0000e+00
1.1254e+01 2.2683e+01 3.0000e+00
1.1673e+01 2.2115e+01 3.0000e+00
1.2624e+01 2.1734e+01 3.0000e+00
1.1685e+01 2.1177e+01 3.0000e+00
1.1276e+01 2.2319e+01 3.0000e+00
1.1584e+01 2.1765e+01 3.0000e+00
1.1730e+01 2.0992e+01 3.0000e+00
1.2115e+01 2.1456e+01 3.0000e+00
1.3010e+01 2.1641e+01 3.0000e+00
1.2610e+01 2.0825e+01 3.0000e+00
1.1562e+01 2.2345e+01 3.0000e+00
1.1350e+01 2.1144e+01 3.0000e+00
1.1972e+01 2.1015e+01 3.0000e+00
1.2201e+01 2.0178e+01 3.0000e+00
1.1330e+01 2.0429e+01 3.0000e+00
1.1888e+01 2.0273e+01 3.0000e+00
1.2218e+01 1.9507e+01 3.0000e+00
1.1776e+01 2.1212e+01 3.0000e+00
1.1684e+01 2.0897e+01 3.0000e+00
1.2079e+01 2.0520e+01 3.0000e+00
1.1619e+01 2.2140e+01 3.0000e+00
1.0941e+01 2.1919e+01 3.0000e+00
1.1688e+01 2.2458e+01 3.0000e+00
1.1896e+01 2.1645e+01 3.0000e+00
1.2108e+01 2.3173e+01 3.0000e+00
1.2140e+01 2.1200e+01 3.0000e+00
1.1998e+01 2.2332e+01 3.0000e+00
1.1929e+01 2.2509e+01 3.0000e+00
1.1393e+01 2.0591e+01 3.0000e+00
1.2047e+01 2.1729e+01 3.0000e+00
1.1358e+01 2.1876e+01 3.0000e+00
1.1722e+01 2.0737e+01 3.0000e+00
1.3009e+01 2.1411e+01 3.0000e+00
1.0945e+01 2.1637e+01 3.0000e+00
1.1391e+01 2.1654e+01 3.0000e+00
1.1651e+01 2.1569e+01 3.0000e+00
1.1401e+01 2.3028e+01 3.0000e+00
1.1197e+01 2.2152e+01 3.0000e+00
1.1461e+01 2.1118e+01 3.0000e+00
1.0768e+01 2.2892e+01 3.0000e+00
1.2227e+01 2.2523e+01 3.0000e+00
1.1538e+01 2.1628e+01 3.0000e+00
1.1880e+01 2.2397e+01 3.0000e+00
1.1635e+01 2.1927e+01 3.0000e+00
1.0710e+01 2.0829e+01 3.0000e+00
1.1208e+01 2.1829e+01 3.0000e+00
1.1862e+01 2.1912e+01 3.0000e+00
1.1609e+01 2.1018e+01 3.0000e+00
1.2035e+01 1.9907e+01 3.0000e+00
1.1271e+01 2.0940e+01 3.0000e+00
1.1908e+01 2.0934e+01 3.0000e+00
1.2310e+01 2.1360e+01 3.0000e+00
1.3402e+01 2.2453e+01 3.0000e+00
1.2551e+01 2.2120e+01 3.0000e+00
1.2533e+01 2.1243e+01 3.0000e+00
1.1486e+01 2.1046e+01 3.0000e+00
1.2016e+01 2.0614e+01 3.0000e+00
1.2729e+01 2.0309e+01 3.0000e+00
1.2468e+01 2.0210e+01 3.0000e+00
1.2536e+01 1.8653e+01 2.0000e+00
1.2230e+01 2.1248e+01 3.0000e+00
1.1268e+01 2.0748e+01 3.0000e+00
1.2391e+01 2.0639e+01 3.0000e+00
1.1629e+01 2.0665e+01 3.0000e+00
1.1160e+01 2.1253e+01 3.0000e+00
1.1855e+01 2.1261e+01 3.0000e+00
1.0707e+01 2.0149e+01 3.0000e+00
1.1562e+01 2.0536e+01 3.0000e+00
1.0654e+01 2.0526e+01 3.0000e+00
1.0561e+01 2.0964e+01 3.0000e+00
1.1481e+01 2.0527e+01 3.0000e+00
1.0892e+01 2.0506e+01 3.0000e+00
1.1221e+01 2.1002e+01 3.0000e+00
1.1265e+01 2.0858e+01 3.0000e+00
1.1155e+01 1.9412e+01 2.0000e+00
1.1603e+01 2.0728e+01 3.0000e+00
1.2212e+01 2.0854e+01 3.0000e+00
1.1977e+01 2.0214e+01 3.0000e+00
1.1232e+01 2.1378e+01 3.0000e+00
1.0976e+01 2.0085e+01 3.0000e+00
1.1571e+01 2.1088e+01 3.0000e+00
1.1172e+01 2.0784e+01 3.0000e+00
1.1399e+01 2.2130e+01 3.0000e+00
1.1791e+01 2.1237e+01 3.0000e+00
1.0946e+01 2.1638e+01 3.0000e+00
1.1775e+01 2.1436e+01 3.0000e+00
1.1067e+01 2.0862e+01 3.0000e+00
1.1801e+01 2.1079e+01 3.0000e+00
1.1112e+01 2.1064e+01 3.0000e+00
1.2657e+01 2.2143e+01 3.0000e+00
1.1525e+01 2.1453e+01 3.0000e+00
1.3480e+01 2.1580e+01 3.0000e+00
1.2897e+01 2.1638e+01 3.0000e+00
1.2955e+01 2.1915e+01 3.0000e+00
1.2760e+01 2.1594e+01 3.0000e+00
1.3136e+01 1.9833e+01 3.0000e+00
1.3479e+01 2.0172e+01 3.0000e+00
1.3370e+01 1.9597e+01 3.0000e+00
1.3291e+01 2.0367e+01 3.0000e+00
1.2656e+01 2.0478e+01 3.0000e+00
1.3054e+01 1.9740e+01 3.0000e+00
1.1876e+01 1.9420e+01 2.0000e+00
1.1515e+01 2.0431e+01 3.0000e+00
1.1525e+01 2.0353e+01 3.0000e+00
1.1424e+01 2.0054e+01 3.0000e+00
1.0770e+01 2.1219e+01 3.0000e+00
1.1862e+01 2.0586e+01 3.0000e+00
1.1125e+01 2.0647e+01 3.0000e+00
1.1706e+01 2.0926e+01 3.0000e+00
1.1389e+01 2.0742e+01 3.0000e+00
1.2009e+01 2.1085e+01 3.0000e+00
1.2676e+01 1.9190e+01 3.0000e+00
1.1945e+01 2.1042e+01 3.0000e+00
1.2800e+01 2.0762e+01 3.0000e+00
1.2344e+01 1.9691e+01 3.0000e+00
1.2169e+01 2.1834e+01 3.0000e+00
1.2237e+01 2.1472e+01 3.0000e+00
1.1791e+01 2.1738e+01 3.0000e+00
1.2230e+01 2.1956e+01 3.0000e+00
1.1523e+01 2.1537e+01 3.0000e+00
1.2191e+01 2.1309e+01 3.0000e+00
1.1813e+01 2.1905e+01 3.0000e+00
1.1677e+01 2.0970e+01 3.0000e+00
1.1585e+01 2.1708e+01 3.0000e+00
1.2331e+01 2.0495e+01 3.0000e+00
1.0948e+01 2.0939e+01 3.0000e+00
1.0841e+01 2.1263e+01 3.0000e+00
1.1464e+01 2.1375e+01 3.0000e+00
1.2102e+01 2.1232e+01 3.0000e+00
1.1658e+01 2.1030e+01 3.0000e+00
1.1579e+01 2.0473e+01 3.0000e+00
1.1794e+01 2.1186e+01 3.0000e+00
1.2398e+01 2.1121e+01 3.0000e+00
1.1654e+01 2.1939e+01 3.0000e+00
1.2249e+01 2.2324e+01 3.0000e+00
1.2238e+01 2.1679e+01 3.0000e+00
1.2319e+01 2.1492e+01 3.0000e+00
1.2892e+01 2.2171e+01 3.0000e+00
1.2947e+01 2.0446e+01 3.0000e+00
1.2806e+01 1.9925e+01 3.0000e+00
1.2390e+01 1.9391e+01 3.0000e+00
1.2597e+01 2.0330e+01 3.0000e+00
1.2534e+01 1.9565e+01 3.0000e+00
1.2398e+01 1.9340e+01 3.0000e+00
1.2364e+01 1.9373e+01 3.0000e+00
1.2129e+01 1.8063e+01 2.0000e+00
1.2667e+01 1.9834e+01 3.0000e+00
1.2434e+01 2.0392e+01 3.0000e+00
1.2739e+01 2.0167e+01 3.0000e+00
1.2111e+01 1.9779e+01 3.0000e+00
1.2522e+01 2.0605e+01 3.0000e+00
1.2295e+01 2.0134e+01 3.0000e+00
1.2501e+01 2.1175e+01 3.0000e+00
1.2347e+01 1.9256e+01 3.0000e+00
1.2470e+01 1.9624e+01 3.0000e+00
1.2608e+01 2.0337e+01 3.0000e+00
1.2208e+01 1.9975e+01 3.0000e+00
1.2747e+01 2.0214e+01 3.0000e+00
1.2670e+01 2.0565e+01 3.0000e+00
1.2807e+01 1.7520e+01 1.0000e+00
1.2556e+01 1.6176e+01 1.0000e+00
1.2274e+01 1.8076e+01 2.0000e+00
1.2275e+01 1.6897e+01 2.0000e+00
1.3088e+01 1.6428e+01 1.0000e+00
1.3121e+01 1.7536e+01 1.0000e+00
1.2983e+01 1.6893e+01 1.0000e+00
1.1303e+01 1.6942e+01 2.0000e+00
1.2854e+01 1.8837e+01 2.0000e+00
1.3023e+01 1.8079e+01 1.0000e+00
1.2908e+01 1.8098e+01 1.0000e+00
1.3037e+01 1.6290e+01 1.0000e+00
1.2715e+01 1.6496e+01 1.0000e+00
1.2633e+01 1.7783e+01 1.0000e+00
1.2535e+01 1.7790e+01 1.0000e+00
1.2595e+01 1.7764e+01 1.0000e+00
1.2128e+01 1.8707e+01 2.0000e+00
1.1728e+01 1.7518e+01 2.0000e+00
1.1810e+01 1.8697e+01 2.0000e+00
1.1739e+01 1.8818e+01 2.0000e+00
1.1975e+01 1.6402e+01 2.0000e+00
1.2213e+01 1.5873e+01 1.0000e+00
1.2132e+01 1.6162e+01 1.0000e+00
1.2253e+01 1.7649e+01 2.0000e+00
1.2729e+01 1.7528e+01 1.0000e+00
1.1795e+01 1.7194e+01 2.0000e+00
1.2522e+01 1.7080e+01 1.0000e+00
1.2515e+01 1.6251e+01 1.0000e+00
1.1879e+01 1.6303e+01 2.0000e+00
1.2552e+01 1.6597e+01 1.0000e+00
1.2495e+01 1.7020e+01 1.0000e+00
1.2539e+01 1.6852e+01 1.0000e+00
1.1684e+01 1.6470e+01 2.0000e+00
1.2172e+01 1.6743e+01 2.0000e+00
1.2405e+01 1.6993e+01 1.0000e+00
1.1882e+01 1.7431e+01 2.0000e+00
1.2400e+01 1.6368e+01 1.0000e+00
1.2642e+01 1.7600e+01 1.0000e+00
1.2989e+01 1.5211e+01 1.0000e+00
1.2602e+01 1.6014e+01 1.0000e+00
1.2955e+01 1.6026e+01 1.0000e+00
1.2621e+01 1.7229e+01 1.0000e+00
1.2588e+01 1.7659e+01 1.0000e+00
1.3390e+01 1.7409e+01 1.0000e+00
1.2531e+01 1.7210e+01 1.0000e+00
1.2869e+01 1.6696e+01 1.0000e+00
1.2134e+01 1.6709e+01 2.0000e+00
1.2902e+01 1.6439e+01 1.0000e+00
1.2380e+01 1.7206e+01 1.0000e+00
1.2917e+01 1.7340e+01 1.0000e+00
1.3299e+01 1.6659e+01 1.0000e+00
1.2594e+01 1.6381e+01 1.0000e+00
1.1803e+01 1.6759e+01 2.0000e+00
1.2960e+01 1.7152e+01 1.0000e+00
1.3354e+01 1.7454e+01 1.0000e+00
1.3045e+01 1.7530e+01 1.0000e+00
1.3533e+01 1.6864e+01 1.0000e+00
1.2483e+01 1.6947e+01 1.0000e+00
1.3068e+01 1.8489e+01 1.0000e+00
1.2755e+01 1.7379e+01 1.0000e+00
1.2740e+01 1.8008e+01 1.0000e+00
1.3411e+01 1.7697e+01 1.0000e+00
1.3433e+01 1.6287e+01 1.0000e+00
1.3515e+01 1.6688e+01 1.0000e+00
1.2671e+01 1.7754e+01 1.0000e+00
1.3450e+01 1.6908e+01 1.0000e+00
1.2998e+01 1.6338e+01 1.0000e+00
1.3689e+01 1.8164e+01 1.0000e+00
1.3775e+01 1.6976e+01 1.0000e+00
1.4365e+01 1.7654e+01 1.0000e+00
1.3684e+01 1.6102e+01 1.0000e+00
1.4179e+01 1.6566e+01 1.0000e+00
1.4035e+01 1.7096e+01 1.0000e+00
1.3533e+01 1.6271e+01 1.0000e+00
1.3581e+01 1.7609e+01 1.0000e+00
1.3711e+01 1.8114e+01 1.0000e+00
1.4018e+01 1.7087e+01 1.0000e+00
1.4167e+01 1.6936e+01 1.0000e+00
1.3273e+01 1.6772e+01 1.0000e+00
1.3666e+01 1.7496e+01 1.0000e+00
1.4769e+01 1.6974e+01 1.0000e+00
1.3727e+01 1.7997e+01 1.0000e+00
1.3796e+01 1.7980e+01 1.0000e+00
1.3192e+01 1.7209e+01 1.0000e+00
1.3615e+01 1.7465e+01 1.0000e+00
1.3687e+01 1.6602e+01 1.0000e+00
1.3410e+01 1.6427e+01 1.0000e+00
1.3995e+01 1.6377e+01 1.0000e+00
1.3640e+01 1.6407e+01 1.0000e+00
1.3891e+01 1.7555e+01 1.0000e+00
1.3588e+01 1.7936e+01 1.0000e+00
1.3141e+01 1.7208e+01 1.0000e+00
1.3980e+01 1.6806e+01 1.0000e+00
1.4026e+01 1.7230e+01 1.0000e+00
1.3991e+01 1.6924e+01 1.0000e+00
1.4104e+01 1.7495e+01 1.0000e+00
1.3546e+01 1.6325e+01 1.0000e+00
1.3803e+01 1.7116e+01 1.0000e+00
1.3171e+01 1.7619e+01 1.0000e+00
1.3630e+01 1.6531e+01 1.0000e+00
1.3064e+01 1.6339e+01 1.0000e+00
1.3098e+01 1.6276e+01 1.0000e+00
1.3389e+01 1.6491e+01 1.0000e+00
1.3533e+01 1.6028e+01 1.0000e+00
1.4112e+01 1.6512e+01 1.0000e+00
1.3721e+01 1.7137e+01 1.0000e+00
1.3634e+01 1.6437e+01 1.0000e+00
1.3534e+01 1.7908e+01 1.0000e+00
1.4235e+01 1.7901e+01 1.0000e+00
1.4050e+01 1.7568e+01 1.0000e+00
1.4513e+01 1.7111e+01 1.0000e+00
1.4487e+01 1.7244e+01 1.0000e+00
1.3982e+01 1.7442e+01 1.0000e+00
1.3975e+01 1.7589e+01 1.0000e+00
1.3688e+01 1.6661e+01 1.0000e+00
1.3256e+01 1.6577e+01 1.0000e+00
1.3864e+01 1.5924e+01 1.0000e+00
1.3895e+01 1.6639e+01 1.0000e+00
1.4023e+01 1.6967e+01 1.0000e+00
1.3224e+01 1.7164e+01 1.0000e+00
1.4238e+01 1.7260e+01 1.0000e+00
1.4017e+01 1.6934e+01 1.0000e+00
1.2727e+01 1.8222e+01 1.0000e+00
1.3737e+01 1.6120e+01 1.0000e+00
1.2709e+01 1.7222e+01 1.0000e+00
1.3442e+01 1.7230e+01 1.0000e+00
1.3987e+01 1.7888e+01 1.0000e+00
1.3923e+01 1.7179e+01 1.0000e+00
1.3268e+01 1.7457e+01 1.0000e+00
1.3750e+01 1.6674e+01 1.0000e+00
1.3756e+01 1.5239e+01 1.0000e+00
1.3492e+01 1.6329e+01 1.0000e+00
1.3317e+01 1.6014e+01 1.0000e+00
1.3145e+01 1.6023e+01 1.0000e+00
1.2833e+01 1.6241e+01 1.0000e+00
1.3506e+01 1.7204e+01 1.0000e+00
1.2992e+01 1.6938e+01 1.0000e+00
1.3055e+01 1.5897e+01 1.0000e+00
1.3434e+01 1.6320e+01 1.0000e+00
1.3668e+01 1.7284e+01 1.0000e+00
1.4324e+01 1.6282e+01 1.0000e+00
1.3407e+01 1.6156e+01 1.0000e+00
1.3047e+01 1.5806e+01 1.0000e+00
1.3843e+01 1.7031e+01 1.0000e+00
1.3899e+01 1.7289e+01 1.0000e+00
1.3671e+01 1.6928e+01 1.0000e+00
1.3436e+01 1.7184e+01 1.0000e+00
1.3434e+01 1.7770e+01 1.0000e+00
1.3658e+01 1.6376e+01 1.0000e+00
1.3539e+01 1.5427e+01 1.0000e+00
1.3972e+01 1.6877e+01 1.0000e+00
1.3723e+01 1.6423e+01 1.0000e+00
1.4305e+01 1.6773e+01 1.0000e+00
1.3849e+01 1.6599e+01 1.0000e+00
1.4162e+01 1.7152e+01 1.0000e+00
1.3998e+01 1.6481e+01 1.0000e+00
1.3868e+01 1.6913e+01 1.0000e+00
1.4466e+01 1.7302e+01 1.0000e+00
1.3785e+01 1.6454e+01 1.0000e+00
1.3597e+01 1.6020e+01 1.0000e+00
1.3659e+01 1.7109e+01 1.0000e+00
1.4140e+01 1.6890e+01 1.0000e+00
1.3654e+01 1.6794e+01 1.0000e+00
1.3366e+01 1.5498e+01 1.0000e+00
1.4323e+01 1.6739e+01 1.0000e+00
1.4318e+01 1.7630e+01 1.0000e+00
1.4390e+01 1.6799e+01 1.0000e+00
1.3970e+01 1.6745e+01 1.0000e+00
1.4391e+01 1.6075e+01 1.0000e+00
1.3676e+01 1.6902e+01 1.0000e+00
1.3590e+01 1.6119e+01 1.0000e+00
1.4167e+01 1.7181e+01 1.0000e+00
1.4274e+01 1.5480e+01 1.0000e+00
1.3612e+01 1.5611e+01 1.0000e+00
1.3182e+01 1.7705e+01 1.0000e+00
1.4171e+01 1.7581e+01 1.0000e+00
1.3682e+01 1.7449e+01 1.0000e+00
1.4254e+01 1.6525e+01 1.0000e+00
1.3789e+01 1.8233e+01 1.0000e+00
1.3567e+01 1.7408e+01 1.0000e+00
1.4364e+01 1.7043e+01 1.0000e+00
1.4755e+01 1.7856e+01 1.0000e+00
1.4184e+01 1.7211e+01 1.0000e+00
1.3726e+01 1.6264e+01 1.0000e+00
1.3949e+01 1.5962e+01 1.0000e+00
1.3428e+01 1.5813e+01 1.0000e+00
1.3775e+01 1.7660e+01 1.0000e+00
1.3950e+01 1.5705e+01 1.0000e+00
1.3292e+01 1.7713e+01 1.0000e+00
1.3633e+01 1.6491e+01 1.0000e+00
1.3346e+01 1.6418e+01 1.0000e+00
1.3225e+01 1.6642e+01 1.0000e+00
1.3387e+01 1.8272e+01 1.0000e+00
1.3423e+01 1.7303e+01 1.0000e+00
1.3789e+01 1.8215e+01 1.0000e+00
1.3779e+01 1.6325e+01 1.0000e+00
1.3674e+01 1.8436e+01 1.0000e+00
1.4315e+01 1.8367e+01 1.0000e+00
1.3744e+01 1.6546e+01 1.0000e+00
1.3248e+01 1.8611e+01 1.0000e+00
1.2893e+01 1.6570e+01 1.0000e+00
1.3545e+01 1.6968e+01 1.0000e+00
1.3778e+01 1.7283e+01 1.0000e+00
1.3415e+01 1.6758e+01 1.0000e+00
1.3559e+01 1.7957e+01 1.0000e+00
1.3754e+01 1.7523e+01 1.0000e+00
1.3994e+01 1.6722e+01 1.0000e+00
1.3718e+01 1.5932e+01 1.0000e+00
1.3411e+01 1.7197e+01 1.0000e+00
1.3738e+01 1.7961e+01 1.0000e+00
1.4233e+01 1.7244e+01 1.0000e+00
1.4065e+01 1.5835e+01 1.0000e+00
1.3768e+01 1.5480e+01 1.0000e+00
1.3011e+01 1.5698e+01 1.0000e+00
1.4165e+01 1.7481e+01 1.0000e+00
1.3397e+01 1.6769e+01 1.0000e+00
1.3371e+01 1.6429e+01 1.0000e+00
1.3330e+01 1.7040e+01 1.0000e+00
1.3420e+01 1.7147e+01 1.0000e+00
1.3190e+01 1.6101e+01 1.0000e+00
1.3407e+01 1.5642e+01 1.0000e+00
1.3585e+01 1.5813e+01 1.0000e+00
1.3720e+01 1.5892e+01 1.0000e+00
1.3175e+01 1.6546e+01 1.0000e+00
1.3867e+01 1.5388e+01 1.0000e+00
1.3668e+01 1.6487e+01 1.0000e+00
1.3532e+01 1.7019e+01 1.0000e+00
1.3559e+01 1.7019e+01 1.0000e+00
1.3320e+01 1.6881e+01 1.0000e+00
1.3978e+01 1.6382e+01 1.0000e+00
1.3795e+01 1.5727e+01 1.0000e+00
1.3531e+01 1.6191e+01 1.0000e+00
1.3587e+01 1.5598e+01 1.0000e+00
1.3654e+01 1.5810e+01 1.0000e+00
1.3549e+01 1.6150e+01 1.0000e+00
1.4148e+01 1.6876e+01 1.0000e+00
1.4081e+01 1.5524e+01 1.0000e+00
1.3475e+01 1.6968e+01 1.0000e+00
1.3746e+01 1.6988e+01 1.0000e+00
1.4356e+01 1.6145e+01 1.0000e+00
1.4348e+01 1.4846e+01 1.0000e+00
1.3771e+01 1.5597e+01 1.0000e+00
1.3953e+01 1.6106e+01 1.0000e+00
1.3370e+01 1.5047e+01 1.0000e+00
1.2956e+01 1.5951e+01 1.0000e+00
1.3640e+01 1.6153e+01 1.0000e+00
1.3013e+01 1.5579e+01 1.0000e+00
1.4134e+01 1.6844e+01 1.0000e+00
1.3722e+01 1.6556e+01 1.0000e+00
1.3879e+01 1.6151e+01 1.0000e+00
1.3773e+01 1.6120e+01 1.0000e+00
1.3685e+01 1.6876e+01 1.0000e+00
1.3143e+01 1.6033e+01 1.0000e+00
1.3538e+01 1.6277e+01 1.0000e+00
1.4059e+01 1.7416e+01 1.0000e+00
1.3741e+01 1.7303e+01 1.0000e+00
1.3821e+01 1.7006e+01 1.0000e+00
1.4247e+01 1.6295e+01 1.0000e+00
1.4145e+01 1.5803e+01 1.0000e+00
1.3346e+01 1.7015e+01 1.0000e+00
1.3269e+01 1.7633e+01 1.0000e+00
1.3451e+01 1.5739e+01 1.0000e+00
1.3919e+01 1.6928e+01 1.0000e+00
1.3260e+01 1.4467e+01 0.0000e+00
1.3646e+01 1.3751e+01 0.0000e+00
1.3216e+01 1.4935e+01 1.0000e+00
1.3036e+01 1.6656e+01 1.0000e+00
1.3152e+01 1.7143e+01 1.0000e+00
1.3334e+01 1.5842e+01 1.0000e+00
1.3536e+01 1.5020e+01 1.0000e+00
1.3769e+01 1.6686e+01 1.0000e+00
1.3347e+01 1.5300e+01 1.0000e+00
1.2890e+01 1.6285e+01 1.0000e+00
1.3072e+01 1.6592e+01 1.0000e+00
1.3526e+01 1.7345e+01 1.0000e+00
1.3288e+01 1.6240e+01 1.0000e+00
1.3562e+01 1.8276e+01 1.0000e+00
1.3516e+01 1.6239e+01 1.0000e+00
1.3689e+01 1.6650e+01 1.0000e+00
1.3892e+01 1.6611e+01 1.0000e+00
1.3926e+01 1.7405e+01 1.0000e+00
1.3335e+01 1.5153e+01 1.0000e+00
1.4023e+01 1.7184e+01 1.0000e+00
1.4097e+01 1.5898e+01 1.0000e+00
1.4760e+01 1.6565e+01 1.0000e+00
1.3695e+01 1.7971e+01 1.0000e+00
1.4056e+01 1.6043e+01 1.0000e+00
1.3748e+01 1.5673e+01 1.0000e+00
1.3939e+01 1.7808e+01 1.0000e+00
1.4322e+01 1.6727e+01 1.0000e+00
1.3184e+01 1.6345e+01 1.0000e+00
1.3975e+01 1.6380e+01 1.0000e+00
1.3567e+01 1.6785e+01 1.0000e+00
1.3304e+01 1.6472e+01 1.0000e+00
1.3935e+01 1.7505e+01 1.0000e+00
1.4507e+01 1.8222e+01 1.0000e+00
1.3882e+01 1.6926e+01 1.0000e+00
1.4132e+01 1.6466e+01 1.0000e+00
1.4389e+01 1.6028e+01 1.0000e+00
1.3117e+01 1.7882e+01 1.0000e+00
1.2829e+01 1.7678e+01 1.0000e+00
1.3380e+01 1.6430e+01 1.0000e+00
1.2168e+01 1.6901e+01 2.0000e+00
1.2667e+01 1.6956e+01 1.0000e+00
1.3364e+01 1.6599e+01 1.0000e+00
1.3515e+01 1.6433e+01 1.0000e+00
1.4335e+01 1.7023e+01 1.0000e+00
1.3868e+01 1.6070e+01 1.0000e+00
1.4047e+01 1.7823e+01 1.0000e+00
1.4502e+01 1.7128e+01 1.0000e+00
1.3936e+01 1.5998e+01 1.0000e+00
1.4254e+01 1.6682e+01 1.0000e+00
1.4653e+01 1.6780e+01 1.0000e+00
1.3851e+01 1.7113e+01 1.0000e+00
1.3590e+01 1.7494e+01 1.0000e+00
1.3651e+01 1.7043e+01 1.0000e+00
1.3569e+01 1.6730e+01 1.0000e+00
1.3505e+01 1.7299e+01 1.0000e+00
1.3752e+01 1.6425e+01 1.0000e+00
1.2984e+01 1.6483e+01 1.0000e+00
1.3342e+01 1.6432e+01 1.0000e+00
1.3649e+01 1.6607e+01 1.0000e+00
1.4051e+01 1.6248e+01 1.0000e+00
1.4508e+01 1.5999e+01 1.0000e+00
1.3888e+01 1.6343e+01 1.0000e+00
1.3706e+01 1.5418e+01 1.0000e+00
1.3370e+01 1.5617e+01 1.0000e+00
